NAME bench577

MAXVEHICLES 6
MAXCAPACITY 365
MAXDURATION 683

DEPOT 30.676 30.611

CUSTOMERS 576

CUSTOMERDATA
 -2.524   98.24  11  15  6
 55.145  -6.08  13  25  10
 -35.775  -66.425  3  4  3
 13.465   38.186  19  8  13
 27.02   27.622  8  12  9
 32.791   28.762  21  1  13
 -73.246   50.686  11  15  14
 42.15   21.675  17  25  12
 46.804  -26.728  21  14  12
 18.947   44.094  12  10  14
 -2.691   37.576  10  17  7
 24.741   22.201  11  5  6
 14.704   60.039  24  2  19
 45.816   40.093  21  23  31
 2.333   22.5  6  6  7
 29.898  -0.402  16  19  14
 -58.72   11.981  15  14  21
 33.073   60.027  1  12  1
 33.701   39.348  23  6  11
 11.34   54.157  15  16  14
 9.756   69.204  24  17  32
 44.774   76.503  9  22  9
 44.268   35.36  14  24  19
 6.333   87.995  8  2  4
 57.744  -10.472  15  21  15
 -27.901   4.375  13  22  15
 10.719   43.03  17  6  12
 25.739   44.537  15  19  12
 40.549   9.106  18  3  20
 40.975   65.082  20  7  26
 -49.672   50.683  22  7  28
 20.418   25.363  23  15  31
 -55.983   1.543  18  4  17
 30.816   43.811  4  18  4
 17.496   47.695  1  21  1
 20.05   53.771  1  20  1
 67.944   9.523  11  18  15
 -35.248   51.517  6  10  4
 2.261   51.941  25  19  25
 26.87  -45.4  19  23  28
 1.845   55.888  19  2  10
 76.405   3.116  25  25  30
 -0.506   57.577  23  14  29
 34.521   15.05  9  18  11
 37.839   18.987  16  15  13
 86.646  -0.02  7  6  10
 40.826  -21.785  14  18  12
 20.842   85.948  18  25  25
 -10.958  -2.613  2  13  1
 41.613   22.637  4  8  3
 25.481   53.137  17  19  19
 12.128   10.768  7  2  7
 12.985   30.311  5  15  7
 -49.24   47.52  20  16  29
 20.474   4.394  14  21  12
 16.353   38.109  15  16  21
 29.411   31.095  24  7  14
 75.049   24.844  8  20  8
 46.793   47.775  12  2  12
 41.059   14.657  6  11  6
 20.065   25.399  8  25  11
 2.779   38.934  14  7  12
 30.446   30.843  13  16  7
 25.415  -67.139  19  6  22
 30.186   34.723  13  11  13
 20.489   44.841  1  8  1
 7.832  -82.53  22  12  20
 63.379  -16.779  1  16  1
 23.345  -8.82  25  7  36
 50.181  -23.08  17  20  22
 4.559   54.127  5  14  4
 44.373   70.315  2  2  1
 38.597   82.92  1  11  1
 55.597   51.661  19  9  15
 93.704  -21.503  7  19  6
 58.608   17.084  16  6  19
 49.678   35.382  8  11  10
 -15.475   30.998  15  18  16
 -38.513   21.695  17  11  14
 17.893   27.223  20  3  28
 15.701   60.982  12  17  6
 31.671   42.114  17  4  20
 27.125   63.519  7  17  6
 63.342  -22.447  4  18  2
 13.465   59.271  16  10  8
 46.015  -9.913  3  1  2
 37.267   65.94  3  13  3
 25.268   33.077  15  22  21
 -13.555   33.961  5  23  4
 37.698   12.808  8  4  10
 19.499  -2.796  7  18  5
 -3.29   24.779  4  25  5
 70.669   29.52  15  4  12
 20.322   48.546  6  23  7
 33.703   26.659  6  23  5
 52.72  -2.944  5  23  2
 21.855   29.952  12  22  11
 7.881   94.817  16  12  22
 -6.567   86.791  24  19  12
 63.79  -8.907  11  19  16
 19.598   10.512  9  12  10
 59.217  -32.103  3  3  3
 -9.43   8.769  12  16  16
 43.392   83.718  11  16  7
 55.614   15.084  8  10  7
 10.05  -6.824  24  1  12
 -15.123   41.276  11  12  7
 60.899   27.254  17  8  11
 0.646  -74.118  21  4  29
 96.03  -6.993  4  14  3
 -18.7   23.968  18  5  11
 51.156   12.951  1  25  0
 19.67   4.805  18  23  14
 2.486   50.895  1  20  0
 -6.957   69.307  8  16  9
 21.526   49.555  2  10  2
 49.061  -1.953  20  17  30
 52.462   26.71  4  3  2
 8.46   57.348  7  7  7
 5.011   36.367  21  12  21
 29.444   55.412  25  15  23
 -4.466   40.52  22  11  27
 36.123   24.732  24  10  28
 35.829   32.05  18  12  24
 26.149  -5.544  3  22  3
 -14.927   72.12  24  13  20
 46.346   25.219  17  22  12
 21.689  -24.343  24  22  31
 8.975   61.649  24  1  13
 48.196  -1.306  6  17  4
 -57.292   55.788  17  23  21
 59.324  -54.554  6  10  5
 33.923   5.366  10  8  6
 42.039  -28.847  24  3  28
 25.3   34.817  15  22  19
 6.12   15.056  6  12  7
 -12.186   80.289  7  3  7
 30.833   43.649  6  1  5
 85.556  -68.793  24  24  24
 19.369   38.372  3  22  3
 -1.453   56.717  3  17  3
 18.757   1.387  7  24  10
 0.604   33.622  18  8  17
 27.774   55.176  20  24  16
 47.774   2.108  20  19  29
 34.239  -40.106  3  24  2
 12.619   58.645  25  6  13
 66.678   27.415  23  10  23
 0.189   51.358  18  15  14
 74.098   27.582  1  12  0
 27.775   50.001  9  13  5
 42.521   16.434  14  23  9
 63.342  -18.342  7  13  3
 21.886   67.839  9  6  5
 64.589  -0.315  1  5  0
 -9.619   20.024  22  16  20
 24.938   49.08  5  22  7
 66.985   26.723  14  13  14
 -13.774   44.619  20  19  16
 24.882  -14.6  9  7  13
 16.148   54.284  5  8  4
 1.792   96.165  15  19  12
 39.176  -6.328  9  11  8
 34.531  -19.422  18  7  23
 29.887   35.098  16  4  17
 39.536   70.728  15  22  22
 -66.539  -3.491  12  22  6
 56.837   19.509  23  20  32
 17.572   54.451  19  24  25
 53.942   12.806  11  7  12
 16.568   35.964  7  2  4
 21.752   59.869  23  9  23
 22.23  -9.023  24  18  35
 35.528  -3.283  5  3  5
 -42.383   85.33  4  10  5
 18.465   68.465  4  4  5
 -3.936   43.026  4  22  5
 19.097   1.543  1  25  1
 2.579   71.368  1  3  1
 -9.661   25.431  2  23  1
 44.554   32.371  20  9  21
 16.389   7.398  13  21  6
 32.84  -15.461  13  21  15
 23.243   51.287  22  24  26
 92.671  -10.64  1  20  1
 42.91   21.019  23  18  21
 96.892   61.91  8  20  7
 -27.135  -8.292  13  5  14
 52.446  -4.579  24  3  24
 92.565   37.006  4  24  2
 4.8  -13.186  11  1  10
 53.732   20.811  16  19  11
 40.935   13.603  13  18  6
 11.891   55.132  2  15  2
 -1.967  -14.71  8  10  8
 -8.213   57.105  19  12  14
 25.365   59.562  11  13  14
 57.735   49.175  4  16  4
 23.404   79.119  20  12  22
 14.906   52.207  17  6  15
 -0.984  -5.537  10  22  5
 -39.689   48.4  1  8  1
 17.248   6.748  12  21  11
 -4.853   61.819  13  12  18
 58.723   45.376  7  12  8
 8.662   31.895  17  5  17
 50.493   13.378  18  1  14
 10.114   3.121  21  25  23
 30.181   31.49  3  21  3
 4.689   92.994  4  10  2
 46.2   55.553  23  13  30
 36.438   64.122  2  20  1
 30.102  -2.767  9  9  6
 50.623  -61.28  1  12  0
 50.584   25.015  22  2  14
 88.505  -47.052  6  24  6
 16.718   93.35  18  11  10
 26.87   44.209  24  2  17
 63.336   45.854  15  2  22
 -2.805   39.445  17  9  23
 22.573  -21.04  4  5  2
 58.165   16.943  22  7  17
 78.785   72.759  16  5  10
 36.275  -44.179  22  13  32
 79.246  -7.18  13  25  9
 62.917  -47.33  2  11  2
 -99.666  -9.627  8  6  9
 0.759   82.509  12  18  14
 37.911   26.816  1  4  0
 25.119   46.511  16  2  15
 40.856   91.353  7  8  5
 25.424   16.796  15  15  19
 9.42   49.702  7  18  9
 62.165  -3.16  9  17  9
 70.237   17.312  5  23  5
 65.13   37.422  21  10  25
 45.731   24.45  24  8  22
 19.869   27.787  18  20  16
 77.638  -5.649  19  9  17
 15.397   44.763  2  19  1
 31.077   10.783  9  18  10
 24.986   35.266  10  21  11
 44.746  -19.824  25  9  19
 37.474  -40.75  1  12  1
 28.703   17.46  5  11  4
 87.308   68.75  11  16  14
 -5.153   41.351  5  9  7
 73.656   6.935  1  21  0
 48.568   33.72  15  19  9
 56.363   40.961  1  1  0
 67.264   30.85  16  19  8
 31.797   28.392  4  22  5
 2.592   85.425  25  17  14
 56.06  -58.777  2  16  1
 -0.084   29.692  21  10  21
 11.12   17.491  19  24  17
 40.022  -11.253  12  8  9
 21.931   30.804  5  20  6
 8.495   43.687  24  12  13
 59.124   43.692  19  2  27
 44.921   58.47  16  19  9
 70.018   45.227  19  25  20
 7.104   32.072  1  25  1
 -59.527  -60.755  1  9  0
 -15.281   61.974  14  13  13
 7.649   38.23  25  25  23
 2.179   73.54  11  12  5
 94.782   23.041  17  15  11
 36.185   28.555  22  8  23
 19.454   11.781  22  12  15
 62.272  -6.404  21  5  13
 13.485   47.412  19  1  23
 -72.815   76.184  9  20  7
 22.102   53.736  14  21  13
 86.942   1.323  9  4  6
 4.367  -4.176  17  13  13
 52.724  -16.494  2  8  2
 65.673  -23.36  22  21  16
 15.918   27.299  25  22  15
 14.782   15.247  7  18  6
 51.566   76.351  4  15  5
 39.17   8.789  14  23  8
 21.038   42.777  13  19  6
 1.394   55.223  7  17  6
 -15.147   44.576  6  16  4
 -70.302   55.294  12  23  16
 7.748   72.262  21  24  16
 53.25   22.536  20  20  13
 50.394   4.466  6  21  6
 -34.974   56.903  18  2  17
 0.918   75.036  24  20  31
 80.213  -43.778  22  14  12
 16.139   63.308  4  13  2
 16.657   63.624  21  1  28
 48.197   31.654  7  14  8
 18.144   47.194  13  22  12
 62.163   27.222  6  5  5
 93.866  -24.63  3  1  1
 -12.221   61.232  8  13  4
 29.341   27.605  5  1  6
 50.793   39.051  17  10  15
 70.417   67.445  10  21  11
 -14.075  -32.172  5  24  4
 -1.04  -15.509  15  22  7
 27.944  -1.576  6  5  8
 -15.575  -29.782  22  3  14
 -31.684   26.57  18  21  26
 47.571   13.328  19  24  20
 18.243   61.231  8  5  4
 -30.757   76.291  11  12  6
 15.491  -17.726  17  6  25
 49.07   9.498  17  7  23
 -15.692  -7.755  4  1  3
 -14.298  -1.22  23  20  14
 -11.353   82.795  4  6  3
 50.333   9.79  9  3  5
 41.549   72.395  20  1  27
 16.732   56.504  8  14  6
 27.496   38.659  7  10  6
 21.881  -8.105  2  8  1
 38.03   61.12  18  14  14
 13.067   45.854  23  9  13
 48.849   77.589  18  5  14
 16.401   61.083  19  13  13
 50.021   15.034  5  7  2
 67.467   21.849  2  2  2
 24.67   64.704  16  13  11
 76.167  -1.374  16  3  10
 64.234   32.486  18  18  17
 25.046   7.489  15  19  21
 16.901   53.263  15  22  18
 -16.036   95.67  7  14  4
 8.697   49.502  12  12  14
 72.426  -41.808  7  18  4
 84.663   27.232  3  9  2
 -3.329   58.144  6  10  4
 42.824   42.525  19  4  24
 -4.838   99.314  19  6  15
 52.498   4.138  14  19  13
 38.664   30.23  15  17  7
 9.901   94.464  25  16  36
 45.734   43.204  16  5  16
 6.27   37.896  20  16  13
 48.019   32.754  21  1  24
 25.621   51.639  8  7  10
 27.524   71.047  6  8  3
 30.05   19.499  8  6  5
 15.912   31.966  21  10  23
 56.676  -53.205  1  7  1
 64.658   14.186  7  8  4
 41.419   0.54  12  24  16
 70.428   49.287  25  18  24
 66.797   8.546  12  9  7
 78.035   10.65  15  23  8
 19.958   19.522  2  3  2
 15.839   40.481  1  1  1
 30.941  -12.651  2  7  2
 14.588   21.258  8  20  6
 37.894   48.205  16  8  12
 -82.611   96.836  8  2  4
 24.441   45.499  14  18  14
 41.911   38.135  12  18  14
 9.033   54.531  13  1  14
 17.101   27.598  3  13  3
 57.54   67.188  4  16  3
 44.94   46.772  20  17  26
 19.845   25.537  10  13  5
 87.555  -52.257  20  25  20
 1.165   34.664  24  11  14
 69.233   79.35  4  1  2
 30.903   47.357  3  18  1
 11.739   97.261  24  18  29
 45.628  -3.58  8  2  4
 2.177   40.485  7  16  4
 46.212   38.294  1  16  0
 2.608   43.01  16  13  13
 23.48   64.778  1  2  1
 16.042   45.569  4  20  2
 81.657   11.507  11  13  8
 40.255  -31.685  23  4  21
 20.487   26.181  12  19  15
 4.193   55.574  23  15  13
 87.514   86.257  22  25  15
 -7.7   61.433  15  14  9
 38.479  -20.029  2  6  2
 12.719   27.685  18  15  9
 6.05  -31.301  18  25  16
 40.621   68.191  13  17  10
 56.992   28.972  10  13  9
 43.943   1.343  15  20  15
 14.667  -1.325  23  13  33
 24.005   59.137  8  18  10
 -27.084   41.115  14  5  18
 28.376   4.28  6  19  6
 36.552   51.064  1  9  1
 3.37   23.222  11  22  14
 39.615   5.656  16  17  18
 59.012   8.575  24  22  17
 3.717   70.982  4  23  4
 76.659   77.984  25  12  19
 1.059   43.838  22  20  26
 31.843   18.684  8  17  4
 52.752   70.345  13  9  8
 -18.796   44.445  12  17  9
 -1.917   88.101  4  19  3
 37.312   42.404  14  13  19
 29.345   67.281  24  17  15
 -11.472   37.783  3  4  3
 -6.425   51.448  5  20  5
 0.783   47.291  18  3  15
 22.472   50.862  13  20  18
 -1.145   72.343  18  11  23
 -11.658   61.669  16  7  9
 37.069   15.196  25  16  23
 86.878   8.319  11  10  6
 70.734  -7.617  15  8  16
 27.341   49.958  9  23  6
 0.392   20.335  21  22  27
 68.76   6.304  9  1  8
 97.027  -7.385  16  4  21
 17.447  -4.639  20  14  28
 48.137   32.708  10  16  6
 8.949   54.99  19  8  21
 10.74   85.125  15  7  19
 27.155   85.897  23  21  18
 -3.585   38.998  3  8  4
 58.412   38.933  18  18  14
 -12.734   36.88  6  15  5
 -34.522  -13.982  11  15  7
 21.637  -33.951  10  14  10
 34.858   22.73  23  24  28
 32.556   80.336  8  3  9
 57.016  -29.445  11  8  16
 76.941   23.964  16  12  19
 -8.787   24.01  19  3  13
 2.844   47.632  6  3  5
 6.287  -16.275  14  6  14
 73.333   44.933  6  2  5
 -41.043   24.973  18  8  10
 22.986   90.886  6  18  7
 37.863   55.715  3  1  3
 70.103  -9.088  23  1  22
 77.934   0.657  6  17  6
 13.392   46.07  14  22  12
 34.237   19.915  18  17  20
 24.978   64.295  3  14  2
 -2.819   60.681  25  20  33
 33.642   54.574  4  16  2
 57.802   5.53  23  5  32
 41.967   35.952  7  16  5
 19.883   52.739  3  6  2
 79.367  -3.491  23  16  34
 58.421   42.738  3  20  4
 11.01  -37.762  19  7  24
 -14.604   70.121  1  17  1
 66.074   58.161  21  4  25
 34.171   25.305  16  25  17
 9.968   8.867  15  10  19
 9.552   60.217  18  16  24
 -2.91  -18.729  25  7  35
 97.745  -1.171  4  22  4
 62.082   10.59  11  13  11
 43.357  -0.148  12  10  7
 10.054   2.817  25  2  13
 -28.432   18.648  19  14  17
 31.676   86.17  10  21  12
 -18.721   24.465  13  8  14
 -16.89   84.073  19  6  15
 1.011   74.411  10  21  14
 45.292   38.214  11  14  6
 -2.628   16.007  6  19  8
 45.247   0.584  2  21  3
 33.851   34.975  7  17  6
 65.717   31.056  11  2  5
 39.534   30.693  3  19  2
 32.711   26.817  19  22  25
 49.648  -5.534  21  1  18
 39.158   85.652  19  22  10
 -18.947   62.972  2  5  1
 12.896   22.177  2  3  1
 -10.86   98.293  11  15  13
 -56.403   83.105  1  17  1
 -18.115  -15.252  9  14  8
 12.473   28.557  14  5  13
 26.696   46.033  17  24  24
 26.247   20.085  10  12  13
 67.902   87.03  23  23  25
 60.613   6.067  5  12  4
 50.693   11.831  25  11  33
 -42.669   48.129  23  21  32
 -34.306   15.499  10  6  14
 34.672   49.544  16  6  23
 25.595   36.872  11  11  15
 18.334   58.395  20  16  30
 -2.31   78.081  15  14  17
 23.034   50.863  11  22  14
 42.022   52.224  11  25  9
 39.749  -1.444  5  24  7
 20.301  -15.674  15  10  19
 26.47   53.657  3  9  2
 9.861   50.252  21  11  31
 -18.484   4.782  21  13  30
 -80.676   46.61  9  1  4
 95.194   24.393  16  2  20
 7.282   36.372  1  8  1
 24.612   14.847  12  13  8
 10.403   98.064  10  17  10
 43.915   42.488  10  7  5
 34.496   95.627  20  7  28
 49.997  -4.566  17  15  9
 77.813  -7.184  11  23  6
 81.15  -16.139  22  22  16
 24.329   41.185  20  8  15
 26.139  -17.775  6  23  6
 22.384  -8.571  4  12  3
 52.009   26.705  12  16  16
 61.436   7.668  19  12  28
 -8.361   12.564  1  18  0
 35.903   59.01  7  16  6
 38.671   76.203  6  6  5
 -2.994   62.193  8  22  8
 -0.591   32.025  24  14  17
 49.046   26.291  6  4  3
 55.842  -11.751  3  5  2
 12.892   77.944  11  10  14
 29.276   65.697  10  25  14
 -21.382   81.506  2  22  2
 -2.126   91.393  2  8  1
 50.177   7.071  23  8  23
 13.767   58.06  9  7  9
 12.276  -9.732  20  18  25
 41.733  -29.085  16  19  21
 43.958   57.658  24  5  22
 33.612   40.365  7  10  4
 41.748   30.219  5  11  3
 47.528   46.147  25  1  20
 22.208   10.596  19  17  26
 35.871  -14.681  6  24  4
 11.019   53.275  6  6  6
 -10.028   49.414  9  2  10
 22.375   45.703  4  5  3
 23.683   54.452  7  2  7
 -0.713   74.011  22  4  24
 9   65.524  17  24  17
 22.586   34.749  10  21  6
 34.472   25.385  20  25  10
 -50.946   32.17  4  4  4
 -21.544   8.92  15  24  18
 30.881   80.3  4  23  2
 57.845  -27.738  22  11  19
 7.7   62.572  21  16  21
 45.08   0.234  14  16  12
 26.966   44.785  18  11  9
 8.521  -56.513  18  3  13
 86.9   51.985  14  14  16
 48.677   16.717  5  3  3
 40.371   16.714  16  8  14
 24.979   46.484  13  13  16
 95.735   6.997  18  14  21
 92.59   29.517  12  18  10
 33.471   35.178  14  14  13
 74.678  -21.076  25  22  33
 0.815   76.231  15  16  15
 -17.103   24.115  19  17  17
 73.439   11.546  8  24  12
 17.478  -10.329  19  8  10
 39.789   54.846  20  9  18
 19.288   50.271  7  13  4
 16.796   37.669  19  23  20
 21.286   38.979  25  15  20
 10.243   36.933  17  10  24
 20.572   56.041  21  24  26
 51.359   17.146  20  15  28
 41.942   60.274  6  15  4
 -30.375   19.709  12  7  13
 -1.821   52.519  23  11  22
