NAME bench361

MAXVEHICLES 7
MAXCAPACITY 75
MAXDURATION 100

DEPOT 16.725 -1.565

CUSTOMERS 360

CUSTOMERDATA
 -42.598  -23.382  1  13  0
 -20.066   28.828  8  16  6
 -34.321   16.825  15  20  16
 -75.509   44.252  1  9  0
 -26.799   10.193  16  2  18
 78.514  -6.57  14  12  8
 39.289  -46.326  16  14  21
 64.427   10.217  19  20  14
 -23.54   9.103  4  10  2
 20.524   50.691  3  3  3
 -12.888   32.743  6  17  4
 23.432   50.895  7  20  4
 86.089  -82.305  9  9  7
 59.197   22.387  22  18  33
 -5.902   27.188  17  18  22
 46.173  -39.073  13  12  11
 42.88   21.932  5  10  7
 52.651  -19.814  6  19  6
 3.892   71.071  22  3  11
 52.51   5.964  21  18  19
 13.222   27.611  16  4  21
 53.736  -52.012  19  21  19
 49.454  -23.551  15  23  20
 9.853   11.947  2  10  1
 -17.431  -17.983  15  4  15
 -46.208   22.483  4  13  4
 -29.733  -49.076  8  13  6
 19.324   78.679  16  13  13
 -30.216  -11.85  5  18  5
 90.762  -22.416  22  15  29
 18.387   51.957  10  1  13
 75.225   22.671  18  20  24
 -36.609  -0.889  10  19  9
 88.544  -29.421  15  4  15
 13.468  -19.139  8  25  8
 44.165  -27.912  24  6  32
 39.332   2.094  25  12  35
 22.859  -96.661  11  14  7
 -36.435   4.285  19  18  19
 54.781  -52.507  22  6  32
 38.59  -69.185  16  21  8
 6.109   14.886  20  1  24
 -62.077   43.339  15  24  19
 66.27  -11.921  24  25  30
 34.22   19.4  15  2  13
 1.525   45.693  15  6  21
 71.076  -33.832  19  15  16
 1.125   79.146  12  18  16
 1.987  -5.66  20  24  12
 62.717   32.519  13  11  10
 52.524  -0.903  19  16  21
 39.636  -9.303  20  3  22
 17.279  -4.822  21  7  29
 91.612  -73.695  18  14  26
 -1.937  -14.22  1  24  0
 91.733   37.721  12  11  17
 -64.618  -11.974  17  6  10
 3.618  -25.955  21  22  22
 95.187  -3.302  24  18  25
 8.974   24.471  14  9  14
 65.002   4.943  15  10  21
 -2.413  -57.022  17  14  14
 21.069  -27.026  7  5  3
 -31.868   72.148  4  5  4
 -74.88   13.414  9  10  9
 11.412   36.87  4  1  5
 65.726   0.168  6  18  5
 -38.731  -67.533  1  5  1
 86.986  -30.438  18  10  25
 -1.382  -13.46  9  13  11
 -30.207  -54.437  7  17  6
 25.825  -9.427  15  2  10
 3.422   42.684  25  9  26
 9.023   19.77  2  22  1
 -7.007  -59.031  15  10  13
 -51.573   82.688  14  20  17
 36.734  -55.516  25  14  31
 -39.716   24.534  25  21  28
 43.02  -31.856  10  21  8
 45.955   60.939  24  10  33
 8.646   85.214  19  16  11
 74.071  -62.208  6  12  7
 -66.738  -6.494  13  21  11
 -78.324  -14.411  12  22  6
 45.439  -4.39  8  16  4
 51.367  -11.355  22  17  21
 2.504   11.142  1  19  1
 16.763   8.091  24  15  35
 51.261  -32.308  1  12  0
 29.591  -2.775  18  2  24
 82.137   27.301  18  18  14
 -18.37   6.811  9  18  11
 -5.713   76.832  2  9  1
 -32.357   28.184  14  9  18
 -19.051  -29.596  13  6  12
 53.32  -36.09  13  14  7
 16.419  -10.752  15  4  14
 91.229   51.432  14  24  20
 -41.865  -39.225  2  9  1
 -16.065   70.086  10  15  14
 -39.905   9.862  15  16  16
 -17.822   0.579  16  12  16
 36.042   47.752  5  5  6
 26.49  -38.444  18  9  12
 18.866   52.693  7  18  6
 69.431  -36.548  23  14  12
 14.25  -19.732  3  15  1
 8.011   2.455  1  16  0
 -13.224   25.28  18  17  25
 40.247  -3.461  7  13  6
 35.924  -55.82  4  15  2
 -26.358   19.815  4  20  2
 -81.437   62.828  25  21  20
 84.439   33.252  4  12  3
 25.741  -20.13  2  16  2
 -2.9   17.682  19  1  20
 -29.861  -46.646  15  13  22
 45.219  -71.831  17  20  9
 87.069   41.597  1  15  1
 47.378  -20.101  20  1  20
 0.029   69.554  14  5  13
 60.949   1.164  24  13  30
 27.463  -47.243  11  25  13
 34.541  -46.778  19  10  26
 13.169  -6.309  11  15  11
 46.057   81.732  18  14  15
 44.468  -48.485  4  18  3
 4.876   33.178  22  23  28
 42.649  -38.738  5  21  2
 18.195   69.218  15  20  10
 48.788   6.416  12  24  14
 29.891  -85.955  2  14  1
 -49.089   9.224  12  8  7
 53.953  -79.294  6  21  7
 5.741   14.802  2  16  2
 -7.602  -5.569  19  16  23
 40.116  -0.203  17  6  19
 -18.484   0.089  9  11  7
 28.112  -29.964  6  10  6
 57.05  -41.422  7  23  7
 -30.411   13.341  10  3  12
 -11.454   26.671  21  13  30
 64.713  -89.228  25  2  23
 -9.739   67.986  23  7  18
 -47.624   29.902  14  23  20
 8.348   33.386  8  7  6
 -32.088   22.618  24  4  12
 -1.653  -13.672  1  7  1
 30.662  -37.244  15  6  12
 -18.073   57.665  3  20  2
 8.706   4.906  11  12  7
 33.064   88.461  13  18  8
 -3.418   0.986  3  9  1
 -18.347   15.852  14  25  8
 -18.259  -13.158  20  5  16
 -35.229   53.215  23  22  21
 -40.374   22.008  15  2  21
 57.2  -55.535  6  13  6
 42.376  -46.112  25  12  21
 28.992  -32.505  1  19  1
 63.887   24.249  2  9  1
 57.933  -34.539  8  4  6
 43.777   9.636  4  14  3
 -55.355  -19.689  8  3  10
 44.891  -96.581  2  24  2
 46.192  -5.22  25  17  37
 13.429  -20.596  4  6  2
 33.416  -48.736  24  18  33
 49.811  -5.048  8  5  10
 31.718   8.036  3  18  3
 16.627   11.755  24  12  15
 -1.232   24.137  23  17  23
 3.211  -18.301  24  15  35
 62.244  -8.585  21  15  22
 41.209  -20.318  11  4  13
 36.338  -31.63  5  13  7
 42.65  -3.979  7  21  9
 52.393   7.726  20  13  20
 9.402  -15.599  12  12  12
 -32.35   16.761  24  9  15
 9.331   33.656  6  8  6
 2.294  -35.559  23  20  11
 32.361  -49.447  15  20  18
 -5.188   24.41  7  7  8
 -25.014   61.172  7  2  7
 42.865  -29.788  6  24  5
 43.56  -44.875  15  12  13
 41.987   51.698  6  16  6
 9.542   11.485  4  20  4
 57.744  -49.336  4  15  2
 44.901   55.05  12  14  11
 76.288   25.826  13  4  9
 -6.156   9.321  10  2  5
 51.021   22.31  22  1  29
 46.033  -40.133  12  24  12
 -8.859   43.436  10  2  7
 52.628   10.609  21  13  26
 -53.615  -60.626  13  24  15
 78.29  -36.757  13  6  14
 27.351   31.137  8  18  7
 -43.947   12.133  2  5  1
 45.592  -49.857  8  8  11
 42.594   15.208  19  4  17
 -72.061  -40.004  2  8  2
 13.515   33.802  4  11  4
 -58.28  -36.642  14  20  14
 -15.843  -3.364  23  9  18
 -14.906   61.83  19  5  21
 -57.584  -20.234  4  17  5
 79.687  -0.776  23  25  15
 4.345   48.981  21  12  27
 -33.612   11.758  20  12  13
 13.672   49.946  10  14  6
 58.38  -72.428  14  16  13
 87.505  -51.963  16  21  10
 5.541  -3.553  19  4  20
 -0.152  -22.139  22  16  12
 96.444  -41.722  10  13  7
 -9.105   57.435  23  24  34
 -57.652  -15.026  12  9  16
 6.566  -7.516  6  18  4
 -63.443   13.21  17  2  13
 2.755   40.717  5  23  3
 7.993   73.662  15  4  22
 80.572   22.072  11  15  7
 81.7  -16.736  4  8  5
 44.415   14.098  13  21  14
 28.888   5.234  6  9  7
 95.284  -12.713  10  1  6
 71.627   29.555  14  10  13
 -6.828   58.604  19  15  15
 -34.56  -14.034  10  5  12
 47.421  -48.513  2  24  2
 24.012   4.836  17  11  17
 -58.658  -41.957  15  21  16
 11.978   60.15  17  12  20
 21.768   54.376  20  4  18
 -2.458   47.177  25  25  23
 14.408   20.359  12  24  11
 -14.912   49.84  6  3  5
 -29.643  -19.396  12  22  13
 3.341   51.565  17  17  19
 36.721  -49.895  18  11  14
 65.814  -64.92  1  1  1
 -2.31   4.739  12  24  11
 18.397   38.845  4  20  5
 30.516  -52.722  17  10  25
 54.306   62.393  17  11  9
 7.923   70.882  21  23  13
 51.82  -6.899  24  17  12
 77.815   52.588  25  20  13
 -18.934   9.355  13  9  17
 1.23   0.943  12  13  6
 -66.06   42.474  25  5  15
 15.082  -13.377  19  4  19
 57.29   15.173  9  14  8
 20.744   30.419  12  4  9
 -60.982   42.186  19  24  26
 43.862  -10.926  17  3  9
 82.317  -63.366  6  5  8
 54.393  -34.822  23  6  14
 52.319  -38.069  13  7  14
 5.422   28.836  4  9  4
 -99.77   23.248  4  7  2
 -19.794   18.148  14  4  13
 26.21   48.037  15  20  14
 36.115  -33.376  14  5  7
 5.635  -19.348  24  12  15
 79.166   59.557  7  4  7
 61.713  -40.321  14  20  9
 -28.623  -6.092  2  8  1
 1.774  -12.842  4  13  4
 13.121  -19.356  4  7  3
 -20.277  -7.373  19  10  18
 0.144   47.384  24  5  16
 14.941  -5.027  18  2  14
 82.111  -32.242  20  16  22
 -7.573  -55.764  12  4  9
 -38.842   54.708  12  6  7
 56.43  -46.311  6  4  5
 -21.307  -31.349  9  5  11
 23.34  -61.615  5  17  3
 8.478  -12.632  1  11  0
 67.336  -44.466  24  17  22
 49.216   13.642  15  4  11
 39.52  -4.207  4  23  5
 -28.342  -86.131  24  20  18
 52.686   3.196  12  13  8
 -68.086  -1.189  8  25  8
 22.693   23.227  22  13  21
 -19.659  -16.811  24  15  31
 86.829   46.638  17  13  9
 -83.542  -1.863  16  21  8
 -42.82  -11.883  4  11  5
 30.85  -41.584  9  22  10
 -73.813   1.101  24  11  22
 -25.079   59.852  7  4  5
 82.088   12.88  1  23  0
 -6.562  -46.433  3  9  1
 39.006  -49.248  13  6  17
 -43.243   35.459  25  9  23
 -46.021  -62.973  3  5  3
 10.544   36.808  22  8  18
 86.784   12.949  19  12  10
 1.171  -19.511  8  17  11
 73.052  -85.801  10  12  6
 -21.81   57.684  6  10  8
 -24.313   40.547  6  24  6
 -8.183   42.752  3  7  1
 7.481  -26.626  8  8  4
 53.422  -73.752  20  2  29
 -1.227   3.126  11  9  15
 -12.068   44.594  3  11  2
 10.037  -7.218  15  17  9
 21.415   61.595  12  17  10
 -2.014   58.329  18  22  11
 51.72   14.618  18  1  24
 7.132   28.075  1  19  0
 38.764  -21.494  6  9  5
 37.297   45.379  13  23  6
 -34.969  -94.341  13  13  10
 53.014  -46.72  25  24  15
 -31.65  -19.509  20  6  16
 61.636   30.185  10  9  7
 36.404  -51.042  11  12  5
 -81.019  -49.002  5  17  6
 24.509   0.249  5  24  3
 62.851  -39.976  25  17  16
 53.234  -0.797  1  2  0
 70.337  -12.395  10  19  14
 91.943  -57.19  3  9  3
 64.407  -41.445  1  22  0
 11.38   1.599  21  22  25
 -50.945   58.98  8  3  5
 -19.734   29.104  10  19  8
 1.457   28.804  23  23  16
 19.942   44.326  7  20  9
 -3.909   55.493  6  4  4
 34.197  -39.434  18  7  16
 9.906   50.154  19  6  9
 40.721  -5.509  1  12  1
 62.34   9.403  1  5  1
 4.392   61.056  18  21  11
 -3.855   53.67  10  12  11
 38.582   4.601  4  9  5
 3.793   57.333  12  15  6
 63.994  -6.065  1  1  0
 45.813   5.62  18  22  20
 53.17  -28.85  6  25  6
 17.236   83.806  15  13  10
 13.644  -8.82  20  10  28
 9.155  -0.687  23  25  22
 -20.075  -33.049  3  17  1
 12.507  -4.974  5  24  2
 2.935  -35.331  25  16  30
 -39.809  -4.7  19  17  22
 2.942  -10.666  11  22  12
 34.628  -8.107  20  10  16
 -3.395   8.547  11  8  8
 42.763  -44.458  18  6  10
