NAME bench433

MAXVEHICLES 7
MAXCAPACITY 75
MAXDURATION 100

DEPOT -13.148 1.944

CUSTOMERS 432

CUSTOMERDATA
 -18.366   65.368  6  16  3
 -61.113  -8.513  23  14  18
 -29.666   10.578  23  18  24
 9.73   65.349  25  8  18
 -2.485   37.462  2  2  2
 39.675   1.084  24  1  15
 -0.532  -13.315  20  18  26
 15.987   49.296  13  15  9
 11.394   41.912  25  3  15
 -23.394  -16.094  25  7  29
 -25.915   2.138  25  19  17
 37.918   23.531  25  12  15
 -54.914   19.373  10  22  8
 -17.781   0.391  14  22  21
 -71.18   27.6  3  7  3
 35.587   10.47  14  13  12
 -25.673   13.513  2  10  2
 -62.55  -70.638  23  6  24
 -29.95  -20.566  3  2  1
 -5.612  -9.474  23  16  21
 -70.491  -77.43  8  16  10
 -54.843  -45.234  7  13  7
 -96.928  -55.893  25  8  34
 -96.611  -35.622  14  1  7
 -17.757  -65.398  11  1  11
 -59.162  -0.216  5  5  5
 -15.792  -51.318  12  10  9
 -20.981  -84.904  8  15  6
 51.609   29.697  2  23  2
 48.774   50.597  17  7  22
 8.324   23.524  22  9  28
 -62.988  -71.597  11  17  15
 20.023   47.287  5  13  4
 -15.386   53.235  17  17  17
 -18.879  -7.707  24  12  26
 -19.976   53.464  11  5  14
 66.847  -74.312  1  10  1
 -51.195   0.909  17  17  11
 -13.221  -57.425  2  5  2
 -5.575   36.455  8  22  11
 68.44   50.572  3  19  1
 92.677   63.093  25  24  30
 72.159  -15.078  16  5  20
 20.166  -33.163  10  2  12
 -4.802   50.442  3  12  2
 15.123  -10.451  18  21  25
 -62.515  -17.689  3  16  2
 54.666   18.751  22  11  30
 -35.252   47.058  14  22  8
 -27.222   69.769  12  10  9
 6.451   89.38  17  19  19
 47.209   69.966  14  11  15
 53.838   53.013  13  2  18
 -68.072  -15.232  23  14  33
 51.223   45.369  4  3  3
 0.439   43.859  15  7  21
 17.12   36.607  25  14  15
 -2.79   7.092  3  4  3
 -30.892  -55.135  7  1  7
 -32.689   17.949  1  25  1
 41.652   48.304  1  16  1
 -31.444   66.885  20  19  17
 57.451   67.72  4  3  2
 67.841   79.714  22  3  25
 24.893   29.209  20  2  20
 37.465  -50.401  12  22  16
 10.472  -46.11  2  7  1
 -40.678  -19.636  6  8  8
 42.23   38.653  20  13  28
 47.458   25.073  6  20  7
 -50.485   42.578  22  20  20
 -55.246  -73.8  2  1  1
 -95.243   97.918  10  10  10
 -11.886  -12.198  20  5  16
 -19.226   47.958  13  9  11
 -36.665  -41.026  12  1  14
 -10.413  -22.901  24  6  30
 -77.637  -49.297  18  6  20
 -62.664  -30.674  24  22  20
 24.101   92.381  13  14  18
 -72.382  -79.743  5  16  2
 31.601   58.096  14  21  16
 -32.938  -40.191  17  22  14
 52.761   13.764  3  19  1
 -31.345   93.409  1  25  0
 -2.349  -13.483  20  21  19
 -0.471  -11.523  22  19  24
 -31.057  -37.501  14  7  20
 -22.533  -10.036  14  9  12
 -28.007  -12.604  11  21  14
 50.666   37.32  23  2  18
 -14.647   4.215  13  23  16
 -39.514   9.899  17  4  14
 -41.196  -44.979  11  21  14
 -37.268   26.775  12  1  11
 -54.602  -17.225  25  3  13
 -62.008  -12.774  19  16  18
 -32.579  -19.751  10  5  14
 -18.961   55.454  16  4  8
 5.068   56.801  5  9  7
 32.297   36.042  22  24  24
 24.967   42.098  12  10  12
 -61.58   4.503  1  21  1
 23.672   53.844  25  12  17
 80.609   98.017  9  25  8
 -22.292   33.609  22  1  11
 5.165   28.434  13  4  8
 -39.669  -4.072  16  5  10
 -31.523  -7.724  14  10  19
 4.202   67.983  10  12  9
 -48.121   17.119  8  6  5
 -30.757  -15.752  8  18  5
 37.226   74.855  12  24  9
 -27.558   0.213  18  12  14
 9.02   27.958  1  25  1
 62.454   27.546  16  12  17
 -46.79  -49.94  13  22  19
 -27.113   71.243  23  1  12
 -39.469  -46.138  16  21  17
 -36.688  -22.073  2  16  2
 -70.483  -47.889  22  17  20
 -41.841  -38.775  21  11  26
 -43.135  -50.495  17  5  20
 -58.868  -17.28  25  18  34
 -7.394   8.847  17  20  17
 -2.501   93.852  8  6  6
 -3.129   62.115  20  19  15
 6.211   44.792  14  11  18
 -59.536  -80.689  16  19  9
 -26.203  -17.872  9  13  6
 66.266   6.119  4  25  4
 46.655   51.618  5  2  4
 2.55  -36.237  14  5  9
 16.139   49.079  11  19  13
 -45.763   14.764  9  25  11
 32.086   27.93  8  19  10
 -15.264  -23.282  13  6  14
 -12.968   0.075  22  6  19
 -82.94  -19.789  13  1  13
 -7.64   53.848  24  16  26
 22.411   46.204  3  1  3
 24.572  -33.127  25  6  36
 40.129   5.617  15  16  14
 -87.246   47.028  8  24  6
 -11.705  -62.248  16  5  23
 36.912   28.906  4  3  3
 -8.193  -6.044  14  4  7
 -18.71   72.443  2  4  2
 63.184   55.744  17  22  13
 12.972   66.75  4  10  3
 0.128  -53.527  20  20  12
 25.681   26.231  10  14  6
 2.182   18.678  22  10  12
 -65.798  -88.717  25  20  15
 -14.884  -50.281  13  10  10
 3.078   34.682  12  3  11
 1.785   51.049  4  3  5
 -4.328  -3.592  16  6  16
 28.265   12.656  19  19  15
 -13.658   12.264  21  6  30
 1.663  -68.158  19  5  16
 -20.735  -56.417  8  22  6
 5.865   5.386  24  20  23
 -42.136  -54.845  5  15  6
 -56.784   60.057  2  3  2
 35.188  -16.396  24  10  35
 -26.933  -42.112  18  11  9
 -57.496  -37.886  20  5  28
 23.926   51.748  6  17  8
 -1.881   7.062  1  9  1
 -50.193  -62.074  16  6  10
 64.84   80.121  5  20  5
 -68.55  -38.148  21  3  31
 60.059   12.641  20  17  21
 -30.32  -63.523  24  16  30
 51.307   47.311  3  10  4
 8.388   31.019  3  1  3
 -27.458   13.931  1  20  1
 -44.423  -17.83  23  25  23
 0.684  -0.623  20  11  13
 -68.047  -63.313  15  20  16
 -20.018  -38.046  17  24  8
 -79.684  -45.167  12  1  14
 11.919   22.448  8  2  9
 -21.325   77.041  1  25  1
 19.748   66.011  9  19  8
 -43.968  -6.619  7  7  6
 -7.922   13.434  20  3  22
 -36.16  -60.103  18  14  18
 -77.656   5.336  16  6  9
 -32.838  -48.231  6  10  5
 40.421   77.727  6  18  4
 -63.996  -1.425  25  25  13
 37.615   33.192  17  20  22
 32.508   95.202  21  20  22
 21.543   16.711  7  23  5
 -36.102   1.656  20  21  25
 26.188  -4.674  9  18  10
 8.714   16.832  25  23  28
 21.12  -12.198  17  12  15
 -5.876  -9.152  7  8  3
 -36.839   43.641  4  14  5
 58.998   63.264  21  24  19
 -90.107   18.981  9  14  12
 -8.729  -48.742  2  9  2
 -37.986  -44.727  8  22  8
 -52.387   8.353  10  10  7
 34.925   60.638  11  23  12
 22.959   59.481  20  19  26
 -2.996   74.762  23  22  15
 -40.627  -82.239  2  13  2
 -41.24  -46.065  19  12  12
 -37.578   3.006  1  20  0
 -20.887  -7.17  24  10  22
 -35.348  -85.696  13  6  8
 -45.887  -50.631  18  11  19
 -28.819  -37.516  22  23  12
 -8.757   7.492  18  23  12
 -22.414   1.984  17  4  25
 13.841  -47.314  18  15  24
 5.734   31.012  20  9  14
 6.817  -19.976  1  22  0
 -76.91   38.436  21  22  13
 -49.925   11.095  23  2  34
 -52.661  -35.925  24  17  17
 50.556   51.843  15  15  20
 -24.096  -24.077  18  19  20
 89.368   2.823  24  23  29
 -3.86   53.522  6  18  4
 -45.167  -68.18  1  19  0
 -25.629  -19.452  25  25  20
 -70.88   37.498  3  8  3
 -79.006  -43.351  15  24  19
 -8.645   19.105  11  5  11
 20.156   76.766  25  23  27
 8.623   61.015  10  12  12
 -60.753   19.861  16  5  15
 -39.667  -22.004  19  15  17
 -33.641   0.078  11  15  10
 0.923   15.598  9  22  8
 -3.009   43.062  11  11  12
 -27.103  -7.597  13  2  15
 -20.707   65.653  19  15  15
 -43.385  -11.704  23  24  27
 -28.497  -46.342  15  6  14
 -31.615  -74.151  16  13  20
 -72.557  -60.955  23  17  34
 -23.604   2.49  24  10  12
 -23.549  -24.423  8  23  5
 63.701   40.937  4  11  2
 -4.886   54.202  17  21  9
 -8.313   16.554  20  24  27
 -29.6  -8.176  10  18  5
 76.552   17.261  15  12  9
 -21.284  -14.427  5  17  5
 -73.605   56.941  4  25  3
 28.236   59.339  21  18  17
 69.117   60.811  13  23  18
 -24.797  -3.026  17  23  9
 -45.289  -28.227  20  1  28
 -9.416   42.589  3  10  1
 73.284   59.587  10  20  10
 21.315   42.134  7  24  8
 -36.712  -33.475  17  6  12
 -9.409  -32.387  21  1  20
 -26.088  -19.175  4  17  3
 1.009   66.686  18  24  9
 3.041   56.907  12  1  7
 58.403   8.02  4  11  4
 -39.671   45.302  7  15  4
 -32.378  -95.296  10  5  6
 -7.483   69.065  1  20  1
 42.143   81.585  17  17  14
 44.063   56.155  18  4  17
 -43.541  -4.805  8  12  5
 -10.136  -56.176  12  22  9
 90.458   3.786  5  14  5
 -27.902  -21.068  5  15  3
 -33.923  -12.97  23  17  14
 -47.313  -87.099  9  6  8
 -40.946  -50.066  7  1  8
 -71.67  -97.61  6  3  3
 -27.827  -55.746  7  3  3
 -7.888   44.636  3  12  2
 -8.617  -11.065  23  4  17
 13.076   37.022  5  1  7
 -1.602   73.248  20  15  15
 4.559  -36.019  18  25  12
 18.149  -57.523  18  12  18
 35.4   56.973  19  1  18
 50.922   16.503  5  14  6
 -19.928  -35.062  7  11  3
 -50.215   27.145  3  10  1
 -19.864  -2.8  22  5  29
 -45.401  -45.865  11  16  13
 -36.483  -54.764  18  22  16
 -6.694   55.348  15  5  12
 -26.262  -13.446  6  18  3
 -39.48  -16.913  18  6  11
 -25.002  -65.049  21  20  27
 -14.958  -39.52  5  3  4
 -19.095  -72.804  4  9  4
 40.597  -40.438  8  10  6
 8.349  -28.139  16  5  8
 -23.199  -37.981  6  22  8
 -61.709  -65.585  14  10  9
 29.888   42.21  20  18  29
 -15.938  -12.247  23  5  24
 -21.24  -17.516  21  11  11
 46.534   67.796  10  2  5
 -56.56  -36.751  5  3  7
 65.146   76.533  8  8  11
 -73.378  -44.483  16  6  13
 -49.864  -26.096  2  9  1
 -14.814   12.574  22  7  18
 55.032   38.888  11  4  6
 -24.339   27.846  14  14  18
 -24.931  -70.566  18  16  13
 -30.767   20.307  12  13  11
 35.144   60.103  5  24  2
 -15.153  -91.105  25  2  20
 -10.122  -52.702  24  11  14
 -34.122  -27.98  21  8  17
 -79.919   16.322  11  17  8
 3.318  -81.49  25  2  13
 34.092   55.475  10  4  12
 -32.529  -21.469  17  19  11
 -3.032   49.663  15  18  9
 -47.931  -43.964  24  23  23
 -1.133  -19.894  2  19  2
 30.291  -26.585  3  25  3
 -28.6  -46.392  21  10  14
 11.26   2.662  11  13  13
 7.582  -95.283  7  6  4
 22.841   22.525  16  19  13
 -48.913  -49.381  9  3  6
 -19.741  -59.504  4  6  5
 -2.207   97.976  23  17  19
 -12.396  -9.091  7  12  6
 5.094   23.366  14  24  7
 17.224  -75.837  16  21  23
 61.798   19.379  9  21  9
 -30.453  -58.786  7  7  4
 -65.253  -24.666  6  20  6
 -27.504  -11.699  17  13  22
 -8.229  -7.334  21  10  10
 -12.595  -52.531  1  14  0
 -66.516  -20.221  23  11  25
 -19.482   48.656  17  6  18
 -23.821  -65.067  12  18  8
 6.978   51.073  9  18  12
 30.053   48.758  4  8  3
 62.288  -2.046  12  25  7
 -15.212  -63.509  20  25  11
 -91.267   37.122  1  11  1
 -0.117   16.434  5  15  6
 35.127   55.064  6  4  6
 -39.391  -15.367  11  1  8
 -4.713   51.289  5  6  3
 -3.982  -53.082  10  9  5
 -49.872  -45.103  18  9  18
 52.404   38.144  4  6  4
 -21.558  -2.741  11  25  12
 13.204  -31.586  2  24  2
 -1.914  -5.454  22  25  21
 -6.831  -13.795  20  23  26
 -54.427  -67.968  14  19  7
 13.187   44.893  21  7  21
 -28.215  -51.443  19  8  11
 -32.103   27.653  11  5  7
 -59.578  -0.26  18  7  10
 97.509   56.408  17  1  20
 -5.19   3.212  4  11  2
 89.853   72.685  13  1  9
 -83.351   68.235  16  23  15
 -11.223  -42.854  24  23  20
 -91.896   36.662  17  16  18
 -31.306  -10.965  22  12  12
 -4.399   66.12  14  9  10
 -1.803   66.091  24  19  22
 -15.484   1.135  6  20  7
 -76.246  -27.371  5  18  2
 -62.698   6.569  8  5  5
 -32.995  -36.493  14  3  9
 -45.503  -14.488  2  2  2
 37.962   39.48  12  18  6
 53.093   72.615  11  13  9
 6.963   12.22  15  3  12
 -47.466  -2.653  12  1  11
 -34.233  -64.337  1  20  1
 -6.425  -60.247  5  1  7
 -20.735  -43.597  6  19  7
 -30.525  -29.472  4  3  5
 -19.365   14.226  10  15  10
 -16.921   45.34  13  13  18
 28.508   12.764  11  17  14
 -35.622  -55.082  3  15  3
 -48.448   10.359  7  4  5
 33.158   25.84  10  25  10
 -15.991  -89.582  3  6  2
 26.333   38.27  1  2  1
 69.189   69.763  9  19  4
 -22.666   81.004  9  18  5
 -6.022  -0.305  25  15  20
 -16.199   4.355  6  3  4
 9.765   40.556  18  7  25
 -33.301  -80.171  8  21  5
 26.16  -0.321  7  6  7
 8.895   54.417  18  11  18
 -23.623   6.914  1  20  0
 17.112   21.835  21  16  30
 -28.231  -68.207  19  8  24
 1.305   12.617  2  7  1
 -64.403  -47.898  10  19  9
 -60.267  -29.338  5  10  3
 -25.598  -33.053  21  4  22
 18.546   47.883  20  16  14
 -1.522   39.408  4  13  5
 52.29   45.851  9  10  8
 -46.654   33.607  2  9  2
 -43.454  -35.942  23  24  32
 -14.082   64.625  4  24  2
 -12.691  -21.048  13  10  14
 -51.744   17.099  11  2  14
 17.597   70.491  3  7  2
 -41.943  -34.046  1  18  1
 -21.642   28.511  17  20  13
 40.612   51.728  11  7  10
 -40.31  -93.131  5  7  3
 -8.61   2.867  7  20  7
 -45.235  -76.004  9  9  11
 -54.711  -93.332  12  1  14
