NAME bench481

MAXVEHICLES 8
MAXCAPACITY 75
MAXDURATION 100

DEPOT 12.384 23.111

CUSTOMERS 480

CUSTOMERDATA
 74.612  -29.436  4  3  2
 45.038  -19.575  9  24  7
 -40.963   9.9  5  2  5
 -22.327   2.134  4  22  2
 13.197   47.122  12  7  13
 7.519   35.778  20  14  12
 33.743  -6.445  9  22  11
 78.93   22.095  3  6  2
 19.128   15.453  10  15  6
 22.877  -19.879  4  10  4
 -4.67   25.715  11  18  7
 -2.34   38.895  12  7  7
 48.847   43.401  1  14  0
 -8.111   18.915  24  14  36
 -19.479   14.278  25  17  32
 14.593  -15.093  18  1  15
 -3.056  -13.8  8  7  11
 5.186   44.066  1  17  1
 32.56  -27.287  13  3  6
 -35.51   21.858  21  6  19
 -22.628   17.741  3  2  4
 -32.637   7.9  8  24  8
 11.733   55.16  17  21  23
 39.51  -18.196  18  10  9
 50.607   34.826  17  7  17
 60.968  -18.934  21  13  24
 7.084   16.286  23  18  17
 25.561   63.885  22  8  18
 50.154   87.919  4  16  4
 -7.55   48.174  19  1  25
 49.621   28.793  10  14  13
 -14.164   30.108  14  20  19
 74.027   38.174  21  24  20
 10.455  -3.038  7  20  7
 65.173  -19.052  4  23  4
 11.949   56.978  11  6  14
 -84.827  -21.742  7  13  9
 -59.45   15.636  17  15  11
 23.732   11.492  2  20  2
 -7.122  -8.799  22  14  32
 52.6  -24.988  20  15  10
 24.753   53.606  8  19  9
 97.386  -8.87  18  20  23
 35.47   45.828  3  13  3
 -11.358   40.461  18  22  15
 20.524   14.668  4  4  5
 -22.236   2.299  6  1  5
 73.103   2.995  25  14  34
 80.941  -32.337  24  22  14
 -53.527  -4.626  3  8  2
 -17.563   38.529  4  13  4
 -7.471  -5.737  18  17  19
 7.975   56.155  12  7  16
 19.696   51.972  13  23  18
 45.664   83.482  13  17  11
 -11.494   57.875  10  8  14
 49.937  -36.862  17  11  10
 -2.104  -57.623  11  15  11
 14.081  -34.986  7  1  7
 44.376   31.654  24  17  24
 76.461   10.127  19  15  27
 -63.268   31.201  23  18  20
 58.988   26.991  21  25  11
 16.345   20.561  12  24  14
 -22.951   5.07  12  18  12
 11.061   31.604  2  9  2
 -43.337  -14.248  11  15  10
 -7.141   43.741  13  2  18
 24.996  -12.416  11  8  15
 69.863  -55.384  1  13  1
 39.743  -99.426  1  4  0
 71.679   33.099  12  7  8
 -8.411   15.412  24  12  24
 36.312  -19.497  7  17  5
 51.794   58.363  24  4  21
 -18.017   31.881  11  7  13
 31.742   35.755  5  19  6
 61.813   29.319  12  5  13
 40.489   56.609  24  19  20
 -21.656   22.399  25  14  35
 -18.128   13.376  18  18  10
 -20.563   20.954  13  8  15
 49.952   65.403  12  5  10
 -59.846   61.263  16  3  8
 9.932   65.304  1  2  0
 21.048  -37.423  3  8  2
 33.626  -11.012  8  23  8
 -25.567   10.532  13  8  18
 23.583   66.866  17  11  14
 16.488   94.995  22  5  29
 -12.842   37.377  7  9  5
 73.937  -13.156  7  23  8
 18.313  -23.013  16  1  13
 79.45   34.194  17  25  22
 36.184   97.147  12  3  11
 47.384   48.003  9  9  4
 27.5  -0.796  13  2  12
 33.08  -14.15  2  22  2
 -27.945   97.955  13  5  7
 -15.425   74.793  2  18  2
 52.347  -10.167  3  15  3
 -22.716   92.527  12  19  12
 76.718  -21.776  11  24  15
 47.69   7.686  8  19  5
 -91.849   19.178  16  1  15
 40.389  -38.238  23  18  12
 47.302   10.709  13  3  8
 35.407   40.101  13  12  8
 -88.457   47.902  23  25  32
 14.381   67.859  1  17  0
 -23.469   6.83  18  19  11
 -19.568  -30.635  23  14  14
 61.683   13.018  4  12  3
 -2.583   32.529  12  16  9
 -37.224  -47.649  9  18  10
 -33.971  -10.211  13  14  14
 25.099  -32.845  12  12  18
 -48.957   17.194  1  17  0
 37.452  -92.805  5  19  5
 -9.209   16.699  13  2  13
 58.25   61.956  21  4  19
 85.789   6.879  8  13  10
 84.924   15.871  20  22  24
 75.119   14.148  3  5  4
 33.434   67.202  25  9  25
 -44.542   80.443  20  13  17
 16.177   60.393  9  15  6
 55.637  -3.879  17  24  22
 34.95  -26.469  15  6  8
 -56.897   9.985  24  23  16
 -42.835   51.977  25  10  31
 -38.973   11.682  2  11  1
 7.523   29.186  5  20  3
 24.581   14.568  25  1  30
 34.589  -21.2  8  5  10
 -71.73   36.005  15  15  18
 -26.937   42.831  1  17  1
 51.597   29.907  9  10  7
 30.228  -23.307  8  13  8
 52.117   86.082  16  11  17
 69.556  -2.747  13  20  16
 37.125  -17.847  22  13  31
 13.988   31.77  3  12  2
 39.873   3.788  15  16  12
 11.94  -4.329  15  12  21
 20.43  -38.383  13  5  10
 34.674   35.478  4  5  2
 21.563   82.44  21  22  21
 96.318  -11.007  15  23  12
 8.687  -59.534  12  2  10
 -3.286   22.625  20  21  12
 -58.538   42.68  20  23  13
 -81.489  -42.11  25  12  14
 -27.386  -9.689  22  12  13
 -11.78  -22.994  24  20  19
 -14.512   14.859  23  17  21
 -32.773   3.8  17  9  24
 20.865   47.317  12  6  12
 40.616  -25.441  18  8  15
 -32.262   48.501  11  20  16
 66.533  -7.39  12  13  10
 40.637  -32.819  15  12  12
 17.545   69.155  14  6  13
 -2.918   46.789  7  4  9
 60.501   34.767  21  21  22
 8.303   22.095  2  9  2
 -25.979   11.022  12  14  6
 -27.771   40.43  9  16  12
 2.679   60.046  8  5  10
 22.715   20.048  7  16  7
 68.674   1.957  23  7  14
 -14.863  -4.024  20  16  20
 27.803   8.401  1  22  1
 35.627   2.167  4  13  4
 15.542   25.037  2  7  2
 62.87  -63.564  14  7  20
 34.865   54.485  22  6  29
 -60.25  -71.071  15  7  15
 -47.904   66.762  6  24  6
 31.122   29.339  1  8  0
 16.111   17.402  11  7  11
 -33.32  -32.267  8  13  4
 64.392   12.739  19  21  22
 27.451  -50.551  11  24  13
 18.392   36.993  15  18  15
 15.151   40.66  8  22  7
 -3.765   44.483  21  7  18
 50.815   38.125  4  19  4
 -23.332  -36.715  10  6  10
 29.966  -25.13  12  2  7
 -15.928   27.219  20  3  19
 -39.286   67.335  3  19  2
 73.419   69.591  14  23  7
 96.444   32.408  16  2  21
 59.431   78.042  11  22  11
 34.223  -38.728  22  18  16
 51.388   52.553  16  9  20
 6.415   30.854  11  10  13
 35.955   69.108  14  5  15
 55.682  -14.953  5  21  4
 -14.191   76.47  3  8  1
 -27.515   25.435  18  15  25
 -19.255   55.793  11  10  10
 31.23   37.244  6  4  8
 2.908   41.218  14  24  16
 -28.377   32.289  13  4  13
 2.549   54.921  23  7  18
 -35.084   27.173  5  6  5
 55.334  -27.886  3  12  3
 22.922  -52.745  9  18  5
 52.332   57.596  9  3  11
 26.677   41.56  7  6  4
 92.845  -27.43  22  11  15
 34.743   9.024  1  3  0
 -30.891   17.558  24  15  15
 16.19  -32.623  23  8  25
 86.37   31.436  23  1  13
 54.589  -8.474  3  2  2
 -33.122   11.089  17  21  25
 68.65   72.919  19  6  26
 64.419  -39.825  19  20  13
 61.721   6.767  4  18  3
 48.007   1.631  21  7  13
 25.86   36.702  9  17  13
 16.193  -44.007  1  1  0
 87.416  -18.12  19  3  25
 34.362   6.462  14  6  16
 -22.614   39.371  18  12  22
 45.413  -18.399  11  11  7
 -23.674   68.491  11  1  10
 -12.901   18.119  9  19  7
 78.981   9.115  4  20  5
 71.329   3.412  7  13  9
 30.682   0.469  8  1  8
 -6.127   37.915  17  11  18
 38.597  -32.935  2  3  2
 -14.137   71.125  9  12  8
 8.321   53.834  8  21  7
 -1.456  -0.322  23  13  21
 -14.781   56.876  10  4  9
 -28.79   46.416  10  21  11
 -18.757  -32.138  17  25  19
 25.155   55.506  22  20  17
 3.48   67.717  2  13  2
 3.132   52.498  13  10  12
 -30.856   41.21  16  23  20
 37.836   16.113  3  14  4
 -21.907   70.774  24  10  12
 28.373  -88.031  14  14  9
 4.701   85.041  14  22  7
 -34.748   26.59  13  5  7
 -77.054   86.004  22  3  30
 76.45   57.925  8  1  4
 -14.997  -16.642  23  9  14
 -15.094   25.873  13  2  13
 -25.729   20.829  24  18  21
 -25.073   37.428  17  8  14
 38.762   47.599  25  8  34
 6.428   6.362  10  8  5
 57.852  -1.354  17  25  24
 25.805   84.883  23  21  14
 -16.195   44.152  4  10  4
 80.455   0.674  2  2  2
 37.07  -13.672  1  18  0
 54.962  -34.894  12  6  11
 39.039   35.249  17  3  15
 85.22  -47.08  2  24  1
 -26.785   22.068  13  5  8
 20.937   48.45  24  22  25
 -22.006   22.487  1  5  0
 61.175   35.308  15  23  9
 -24.279   13.436  3  23  3
 27.339  -7.335  11  12  9
 -8.346   24.155  2  23  1
 25.579  -6.285  14  3  9
 25.783  -0.697  10  25  7
 -17.766   46.645  17  7  18
 -47.91   14.375  23  11  17
 -8.355   16.899  22  21  13
 7.55   38.571  5  7  4
 -13.154   16.74  16  1  20
 55.722   40.263  20  7  12
 27.276   49.362  10  21  5
 -21.47   8.129  24  20  22
 -33.872   37.057  18  14  13
 71.649  -44.715  23  25  32
 68.128  -20.761  19  20  14
 2.57   15.685  14  18  9
 -63.937  -6.413  22  1  22
 -9.826  -7.582  15  9  14
 30.736  -15.367  18  24  23
 -11.841   29.023  3  21  1
 20.578  -57.29  20  10  10
 -20.519   7.255  5  13  6
 -39.49   17.695  7  20  8
 -34.268  -10.657  7  17  6
 29.474   42.72  2  17  1
 -4.455   52.148  17  10  9
 48.591   28.078  6  23  3
 -77.813   30.251  19  5  24
 -15.23   32.878  11  4  10
 -21.03   92.037  15  3  16
 -61.858   4.974  22  10  18
 47.711   53.278  22  8  11
 -15.083   10.888  20  22  28
 -31.13  -1.781  15  9  9
 -37.864   45.139  24  13  35
 65.081   6.815  4  1  4
 30.178  -27.87  22  12  12
 2.036  -32.417  23  8  13
 47.789   15.224  8  3  11
 38.352   31.904  3  18  4
 11.341  -9.052  24  7  19
 -9.331   42.019  11  8  7
 44.205  -16.662  3  8  2
 42.734  -12.738  7  16  4
 -78.541  -30.038  6  21  8
 -3.617   5.514  20  25  15
 23.168   38.275  12  16  11
 -16.58   10.763  18  9  9
 35.661   23.879  3  23  2
 -4.415   4.748  5  11  3
 -6.509   45.061  15  6  12
 32.465  -7.949  25  22  18
 28.263   18.83  17  10  9
 6.397   97.186  4  22  5
 -20.177  -42.609  7  2  4
 -16.268   22.822  21  17  13
 -19.043   60.718  24  11  23
 -12.025   28.028  9  22  12
 35.744   31.829  4  6  4
 13.763  -33.598  14  2  9
 54.213  -27.748  4  22  4
 40.037  -7.659  23  9  15
 -25.805   68.762  7  7  5
 52.253   56.248  11  4  7
 30.095  -29.862  15  14  19
 48.134   7.323  23  15  19
 29.834  -26.565  10  11  9
 39.438  -29.23  14  15  7
 -27.396   35.841  10  9  14
 21.092   38.199  10  22  10
 72.879  -41.211  4  17  2
 4.847   0.412  25  22  28
 29.468  -35.598  2  25  2
 -50.427   27.32  24  3  12
 -0.096   69.179  4  18  2
 5.472   30.631  15  11  16
 16.426  -15.644  16  10  17
 55.79  -0.501  6  1  4
 -47.384   70.419  5  4  7
 2.667   42.513  1  9  0
 -28.57  -35.283  16  22  9
 19.691   10.619  16  17  8
 -49.356   25.309  2  5  2
 27.273   66.473  11  2  13
 34.113  -11.147  16  4  18
 53.003   29.668  18  13  14
 36.776  -10.198  18  8  13
 -82.509   19.54  14  13  8
 -21.984  -46.302  21  19  21
 -23.429   16.279  21  21  25
 35.383  -16.922  14  23  15
 -48.128   26.587  23  6  27
 -46.423   27.15  10  24  9
 -24.394   37.646  12  21  15
 43.173  -28.368  6  7  3
 29.447   19.712  16  3  16
 17.676  -5.215  16  1  9
 31.815   45.988  2  9  1
 -0.259   34.56  7  4  3
 -33.641   14.3  13  11  15
 -20.077  -24.52  8  14  4
 36.898  -45.083  10  10  7
 7.466   47.254  5  2  4
 64.825   37.539  23  8  19
 31.758  -13.645  11  3  11
 25.879   3.72  6  4  3
 96.536  -23.122  18  23  13
 -15.815   12.421  3  14  2
 -15.445   49.575  17  21  22
 -51.674   69.487  12  16  7
 -15.795   21.775  24  19  17
 46.284   61.052  19  1  12
 -43.305   30.987  12  1  16
 -38.051  -15.48  7  25  3
 55.076   2.259  23  7  20
 63.729   14.114  12  20  9
 35.71  -9.328  9  19  8
 -4.22   65.982  10  2  10
 46.026   38.481  18  10  26
 -34.337   97.991  8  22  10
 50.407  -41.616  15  21  19
 -11.891   45.049  3  16  3
 16.568   41.46  24  19  33
 27.834   30.743  18  11  23
 -79.638   26.903  25  2  28
 57.011   1.898  7  9  5
 -53.899   83.712  22  25  23
 37.896  -36.717  17  1  12
 -36.634   7.791  10  11  12
 14.964   42.215  1  22  0
 -44.018   29.122  16  8  9
 21.762   39.266  4  2  3
 44.973  -47.724  20  24  15
 23.217   55.404  17  1  24
 20.018   29.863  22  16  13
 15.161   7.163  8  10  8
 50.414   54.806  16  6  16
 41.147  -35.617  3  12  2
 -20.031   13.91  23  2  32
 99.168   37.093  20  3  25
 -2.564   58.391  14  22  8
 -5.019   13.159  5  7  4
 -17.736   20.154  3  9  1
 55.759  -10.487  4  15  4
 20.504   84.583  14  8  10
 -0.233   38.996  6  3  7
 24.642   59.021  20  2  18
 82.649   58.203  12  25  15
 30.875  -13.421  15  11  21
 -49.676   22.96  21  13  12
 -6.694   49.265  12  20  13
 -15.986   40.862  7  7  9
 -36.426  -18.025  21  14  17
 27.482   29.217  7  19  9
 -37.846   68.634  25  17  19
 26.047   68.83  13  22  12
 -26.804   31.765  17  17  11
 31.483  -9.15  22  3  22
 44.803  -3.863  6  25  7
 33.797  -15.772  24  25  29
 30.717  -0.892  18  9  26
 5.784   12.46  12  22  14
 1.148   58.039  1  17  0
 3.931   41.217  17  12  16
 -5.163   84.012  19  16  19
 58.025   25.534  8  9  7
 60.768   35.838  16  15  9
 42.402   57.446  16  19  20
 -18.744  -2.276  20  2  20
 21.711  -31.479  6  20  5
 -7.839   67.29  15  9  15
 -29.399   44.259  5  11  4
 16.352  -30.665  11  21  12
 36.346  -24.676  22  11  18
 -24.179   73.654  25  11  33
 -24.164   15.84  21  14  12
 47.916   5.523  3  8  4
 -71.862  -26.805  6  19  4
 -5.246   43.612  24  10  22
 -11.293   65.324  4  7  6
 38.479   88.668  1  6  1
 -12.827   33.839  9  10  11
 35.909   38.364  9  1  9
 39.94   51.05  12  5  14
 7.078   44.155  7  21  7
 -57.616   44.891  2  1  2
 42.797  -0.972  25  2  34
 -8.75   57.535  24  5  34
 62.115  -77.064  14  12  16
 26.602   59.521  19  21  19
 5.954   35.388  10  11  6
 46.641  -30.73  3  20  1
 43.675   14.797  25  16  23
 -32.572   9.958  20  9  24
 41.462   1.031  15  3  16
 -32.747   41.453  4  14  3
 -3.126   33.563  23  21  34
 47.347   13.07  3  15  1
 49.225  -1.87  6  16  8
 47.997   34.108  22  24  33
 10.472   18.791  15  15  13
 38.334  -17.748  16  4  8
 23.092   48.712  19  12  13
 46.143   32.488  22  17  29
 76.498   51.378  14  15  12
 37.246   22.954  10  21  5
 59.308  -30.93  1  1  0
 44.161  -37.888  12  8  8
