NAME bench433

MAXVEHICLES 6
MAXCAPACITY 75
MAXDURATION 100

DEPOT 12.194 -12.925

CUSTOMERS 432

CUSTOMERDATA
 8.334  -29.376  1  9  0
 50.293  -18.532  24  18  18
 -38.432   56.839  2  20  2
 1.444  -21.245  8  8  5
 -4.913  -18.699  6  22  6
 6.92   6.912  4  7  2
 15.986  -13.06  18  11  23
 24.126  -16.86  23  5  17
 9.468  -6.918  10  9  6
 -11.638  -2.713  6  2  7
 29.77  -22.3  11  18  7
 42.64  -9.413  7  8  4
 34.198   27.443  20  8  16
 -18.78   28.246  5  11  7
 6.219  -25.664  5  1  6
 43.022  -17.089  20  11  17
 14.686  -10.674  21  19  30
 44.693  -30.973  7  23  7
 70.59  -21.233  17  4  8
 -2.058  -11.876  24  2  22
 -22.669   5.231  15  11  20
 -10.822   81.176  17  3  17
 -27.83   8.331  10  4  13
 13.76  -58.103  19  15  9
 56.625  -24.621  13  2  13
 66.069  -36.764  14  24  16
 50.923   15.416  14  13  10
 -9.664  -10.267  5  17  4
 21.112  -31.711  9  19  10
 21.812  -49.476  15  5  19
 26.846  -9.531  21  18  27
 12.124  -18.887  23  15  31
 4.102   12.855  19  18  18
 -1.592   46.57  14  11  14
 -26.709   12.617  2  18  2
 -40.897  -15.98  7  18  9
 -21.685  -18.065  16  23  22
 -29.183  -30.069  9  11  6
 70.64  -10.247  8  5  8
 46.196  -12.281  6  3  8
 -1.962  -60.963  19  19  10
 -17.283  -15.894  20  3  24
 -22.991  -24.694  4  3  5
 29.094  -26.458  17  23  21
 34.925  -24.388  17  2  14
 46.818  -63.19  24  8  34
 76.99   7.541  10  14  8
 -38.803  -24.563  18  14  25
 17.832  -7.167  19  25  11
 -10.724  -34.863  5  19  4
 14.84  -13.623  14  2  16
 -45.163  -26.927  22  16  24
 48.632   20.953  25  13  35
 -5.074  -16.489  10  7  14
 45.348  -0.31  25  2  21
 69.074   0.671  17  16  24
 95.297  -50.578  4  25  2
 -15.299  -6.076  3  23  3
 41.195   14.748  2  23  2
 94.892   4.07  17  17  17
 -6.705  -7.141  18  12  25
 32.31  -14.447  21  24  18
 13.954   28.368  5  24  2
 67.051  -36.455  10  4  11
 20.799  -14.287  23  21  23
 -29.237  -23.127  24  10  33
 -8.667  -38.822  13  18  12
 -1.06   38.581  11  7  15
 30.739  -11.836  11  1  15
 -38.704  -24.538  3  13  3
 29.772  -12.878  5  24  4
 56.494   44.27  3  1  2
 -30.122  -14.405  24  16  24
 2.821  -4.432  7  8  5
 -7.085  -48.89  10  9  9
 11.055  -18.01  16  10  19
 20.894  -21.536  23  20  28
 20.13  -10.556  4  16  4
 -61.144   22.559  13  3  11
 22.931  -27.056  25  2  35
 34.236  -7.111  25  11  14
 37.613   10.606  11  22  13
 23.867  -25.963  4  9  3
 12.409  -44.663  1  10  0
 45.754  -50.264  21  2  11
 18.164   20.711  5  6  4
 -84.455   60.532  14  20  15
 37.063  -16.667  1  24  1
 73.194  -23.137  4  7  3
 57.715  -38.989  25  22  34
 -4.56  -28.525  10  1  8
 11.176  -14.663  9  4  11
 21.025  -71.645  9  23  7
 -23.154  -4.915  4  16  5
 -56.179   32.886  21  11  20
 27.177  -8.568  3  13  1
 41.878  -22.904  22  21  21
 32.74  -3.89  24  22  34
 6.79  -45.827  3  4  1
 71.808  -47.403  17  4  25
 -1.291  -7.239  10  7  11
 17.042  -31.303  17  23  18
 13.616  -45.518  12  11  16
 -5.636   3.215  10  22  7
 -4.438   51.893  19  1  18
 27.124  -60.355  9  5  4
 10.617   2.26  24  4  15
 5.092   28.995  2  22  1
 -44.138  -19.774  2  8  2
 34.247  -36.085  22  9  21
 20.053   9.301  13  2  8
 -1.082   17.396  19  4  12
 -42.065   19.949  9  15  7
 50.946  -35.409  6  7  4
 23.747  -46.033  15  3  17
 -2.218  -65.392  25  10  27
 74.781   71.079  12  18  18
 30.126  -18.735  5  6  2
 0.515  -35.801  22  7  23
 -17.391  -2.426  23  9  23
 25.69   9.784  13  19  12
 -27.031   43.947  3  23  3
 4.507  -2.781  14  11  16
 12.413  -5.588  3  17  4
 -15.946   1.112  5  15  5
 -18.197   42.268  5  11  4
 -16.202  -14.162  25  19  19
 -13.973  -4.665  7  5  9
 61.924  -30.288  20  11  11
 41.489   11.815  5  23  3
 15.756   24.412  8  8  9
 -6.558   9.795  8  23  7
 8.871  -15.796  9  16  5
 9.119  -33.823  21  18  25
 -15.564   19.35  22  6  28
 31.374  -93.567  23  12  28
 -8.312   72.723  21  10  23
 22.888  -20.549  18  7  15
 -3.539  -11.979  8  18  8
 -24.274  -4.454  8  19  8
 -20.403   13.174  12  18  15
 -20.246   40.984  13  8  18
 36.174  -13.972  1  18  0
 42.82   10.179  15  19  12
 64.378  -74.232  20  14  29
 -13.678   31.755  19  20  15
 -26.3  -15.026  15  1  7
 55.271  -41.703  19  3  19
 0.92  -0.052  1  20  0
 46.544  -2.3  12  1  10
 -89.366   22.053  18  24  11
 10.35  -28.456  24  14  15
 -7.013  -12.102  12  5  6
 49.377  -48.101  5  9  3
 -49.653  -5.049  6  12  4
 -10   17.792  20  16  18
 27.589   24.489  21  6  30
 4.998   9.629  10  5  10
 71.418   40.591  10  17  8
 -14.376  -2.876  8  22  11
 -15.12  -21.61  18  2  15
 41.003   4.977  3  1  2
 67.377  -8.202  11  5  10
 -1.76   5.785  23  13  29
 45.553  -12.271  11  20  11
 36.34  -63.057  13  19  19
 25.679  -31.293  17  18  9
 31.618   24.194  24  13  33
 54.017   2.173  3  2  4
 -6.999  -10.231  19  12  21
 25.204  -2.485  21  15  13
 -3.953  -16.471  16  10  16
 -27.309   55.17  3  22  4
 -7.084  -24.566  6  12  6
 -4.716   82.361  20  5  25
 76.256   23.724  13  6  18
 69.612  -33.438  8  14  10
 3.023  -1.037  11  2  11
 35.022  -57.688  13  3  13
 30.066  -20.739  24  4  15
 16.903  -65.026  21  13  22
 5.379  -18.113  10  13  5
 -14.924  -50.772  24  23  28
 -38.804   71.557  14  5  16
 -36.884  -17.562  13  1  13
 -64.103   7.453  14  22  13
 26.902  -7.864  19  17  16
 -8.008  -13.447  9  18  9
 42.137  -40.881  15  23  15
 54.074  -30.276  2  8  1
 21.964  -35.613  17  22  16
 34.275   9.228  16  14  11
 25.63   6.513  25  3  13
 63.441   64.065  2  14  2
 23.68  -24.647  15  20  16
 60.616  -46.241  6  25  4
 20.396   7.191  6  24  7
 -68.354  -54.306  1  9  1
 18.602  -17.448  9  23  10
 44.379  -27.194  18  25  16
 8.701   6.016  7  4  3
 24.851  -37.717  25  17  35
 0.105   35.702  19  17  17
 47.786  -0.602  12  1  16
 32.586   62.945  1  25  1
 -24.207  -7.948  24  21  24
 27.222  -5.39  14  2  11
 -24.718  -99.504  17  8  19
 1.494  -2.695  20  3  26
 -78.553   19.407  8  8  5
 62.712  -57.177  8  6  10
 19.752  -22.05  21  10  13
 25.325  -34.998  22  8  15
 66.015  -31.229  18  10  17
 36.185  -8.957  9  23  5
 53.183   24.019  18  8  19
 57.03  -27.756  24  12  13
 -36.132   4.274  4  6  2
 25.691   15.57  24  1  35
 38.709  -24.615  2  6  2
 33.218  -26.888  4  16  2
 -1.234  -24.449  18  15  14
 40.783   7.939  6  3  3
 -19.136  -62.528  13  23  19
 19.292  -28.923  20  6  14
 22.196   11.026  13  13  17
 2.831   2.939  25  19  28
 -39.05   0.418  6  2  7
 77.49   4.686  25  4  17
 17.907  -38.43  17  9  16
 53.627  -14.836  10  14  8
 -49.617   40.29  8  2  10
 4.825  -24.045  19  23  25
 24.995   11.864  21  15  21
 -9.585  -2.086  17  20  18
 -12.096   0.14  18  24  21
 37.198  -41.694  23  23  21
 21.055  -45.553  18  20  16
 22.608   39.581  18  9  16
 52.381  -44.793  5  17  4
 6.828  -16.091  17  23  19
 38.266  -15.693  4  24  4
 2.673  -68.782  25  23  19
 54.11   1.109  17  20  20
 8.309   74.417  1  15  0
 32.196   2.22  1  20  1
 16.636  -44.957  9  7  13
 10.203  -22.505  3  20  1
 -40.887  -46.162  13  17  8
 -25.955  -19.025  18  12  9
 0.066   35.91  16  6  8
 16.83  -17.516  11  19  15
 26.107  -34.987  25  17  14
 -47.532   4.447  5  11  3
 12.36   1.257  18  15  18
 17.577  -48.979  5  23  4
 16.998  -4.295  12  9  9
 19.585  -21.705  7  25  9
 -35.308  -55.341  18  23  10
 -41.078   1.236  10  17  14
 6.565  -14.462  10  12  6
 2.422  -14.136  11  5  11
 10.764  -31.294  8  4  9
 25.316   15.958  18  23  12
 47.253  -15.156  2  12  1
 19.669   18.117  10  4  9
 24.516  -35.135  7  13  3
 -24.228  -15.865  19  13  12
 28.431  -21.54  14  12  14
 18.915  -20.375  14  17  9
 -47.728  -56.991  13  24  8
 -29.013   32.143  17  11  20
 20.341   37.686  17  3  14
 1.795  -17.682  17  13  16
 28.605  -67.811  6  14  4
 27.494  -8.344  20  10  15
 60.649   4.001  6  17  6
 16.76  -45.362  6  1  4
 -1.944   30.643  6  11  3
 -27.602  -28.127  1  15  0
 12.024   4.445  24  10  30
 15.032   5.375  7  15  4
 -54.082  -29.916  15  17  7
 -23.754  -10.393  7  12  6
 27.288   8.21  14  1  10
 38.847  -10.704  2  24  2
 4.237   13.066  22  19  16
 75.665  -84.437  2  5  1
 54.419   1.217  15  7  15
 -18.723  -13.239  2  7  1
 17.572  -40.825  14  3  18
 54.618  -10.014  22  1  12
 48.036  -21.539  21  8  10
 -54.011  -50.543  16  15  21
 68.948  -38.334  3  5  3
 -30.531  -91.915  9  18  8
 27.761  -14.34  7  23  5
 2.872  -17.715  4  2  2
 74.441   43.173  20  8  12
 9.552  -17.72  12  21  15
 18.036   7.681  11  24  10
 -12.579   21.229  3  13  3
 -32.375   15.123  8  3  6
 69.934  -68.533  14  11  7
 73.226  -59.74  24  18  34
 -29.388  -3.583  21  20  13
 5.258  -15.474  6  11  8
 -2.407   24.438  8  16  8
 42.983  -10.062  16  10  8
 -20.815  -23.438  15  21  8
 1.088  -7.196  19  20  28
 -30.2  -36.683  7  17  9
 21.412   43.114  12  15  9
 10.492  -14.051  5  8  3
 2.855  -28.82  16  5  13
 -76.682   46.276  2  25  1
 32.075  -42.04  16  10  21
 18.742  -35.022  12  23  9
 -37.558  -59.779  19  14  18
 23.898  -18.705  9  11  4
 -19.013   39.89  3  16  2
 27.163  -4.595  12  5  7
 6.505  -14.398  10  8  8
 -51.812  -49.735  23  13  16
 78.824  -81.532  9  1  4
 34.538  -10.6  19  20  24
 24.659  -58.728  5  1  3
 25.079  -49.797  25  2  16
 3.075   24.011  4  22  3
 -24.674   8.751  15  13  21
 13.322  -46.305  10  2  12
 49.58  -14.847  9  21  6
 39.757  -10.403  9  1  10
 28.636  -31.627  21  19  14
 40.755  -58.101  3  4  2
 -5.505  -54.376  3  11  2
 0.327  -52.182  7  2  9
 -37.383  -24.533  22  9  18
 34.353  -9.89  11  16  10
 44.231   1.907  14  16  7
 46.598   6.623  8  11  11
 -0.783  -36.63  18  9  19
 -12.751  -48.701  8  20  5
 33.744  -20.057  24  9  27
 13.839  -85.439  7  12  9
 32.399  -9.66  19  17  9
 77.437  -2.857  13  21  8
 10.214  -6.416  10  22  11
 -13.608   2.059  13  18  14
 -0.861  -19.725  24  25  16
 6.465  -2.728  2  15  2
 92.765  -52.491  5  9  4
 16.37  -14.994  17  2  10
 -30.863  -1.094  8  10  4
 0.233  -10.959  1  7  1
 18.163  -6.04  10  7  12
 81.213   10.535  16  14  18
 24.852  -22.392  7  14  5
 5.953   35.585  9  22  6
 27.991  -6.956  11  2  6
 9.231  -18.86  11  8  11
 -0.472  -2.742  25  21  30
 2.14   37.083  9  22  10
 -10.514   27.516  13  19  15
 -3.29  -13.732  4  7  3
 59.52   2.148  16  14  20
 -12.632  -37.725  8  23  4
 24.423  -10.507  18  14  18
 -9.597  -32.374  14  23  8
 65.192   70.805  1  24  0
 39.279  -36.302  10  17  5
 -24.007   42.961  5  3  6
 36.433  -19.085  22  5  12
 15.957   16.399  5  19  3
 35.859  -0.001  2  25  1
 -18.181   24.621  15  13  12
 5.276  -27.904  22  6  23
 -3.84  -15.42  18  18  9
 17.651  -7.416  20  11  15
 -44.126   26.243  2  16  1
 68.92  -11.558  25  1  32
 47.898   11.778  20  25  11
 -5.837  -11.923  7  2  5
 23.288  -32.223  4  8  2
 16.697  -35.97  1  7  1
 -16.909   44.551  8  24  4
 -46.051  -46.118  11  5  9
 92.135   42.913  21  25  17
 6.725   56.49  7  18  6
 4.272  -25.923  5  24  5
 -7.294  -11.346  14  23  20
 -31.286  -28.197  13  2  16
 20.361  -29.767  2  13  2
 25.615  -9.985  11  3  11
 -3.185   1.524  20  4  27
 1.13  -9.359  18  16  23
 28.827  -27.766  13  20  14
 9.569  -4.736  11  24  7
 93.394   27.932  21  6  22
 11.362   19.492  10  10  7
 42.688   8.072  10  23  12
 13.41   8.075  16  5  8
 17.261  -8.96  1  8  0
 0.385   36.813  14  1  11
 21.793  -31.871  2  8  1
 -85.964  -58.942  7  18  9
 30.391  -9.085  8  21  5
 19.997  -52.398  8  10  8
 -23.095   4.091  1  3  1
 87.621  -36.062  19  5  16
 11.067   2.703  25  1  35
 57.037  -20.574  15  13  19
 -24.528  -55.046  19  23  11
 19.54  -29.17  15  13  14
 20.032  -3.726  7  16  4
 -5.921   11.157  17  22  18
 -7.309   37.852  12  12  8
 60.488  -25.062  12  11  15
 6.143  -2.453  23  21  21
 -6.95  -12.685  19  3  25
 51.01  -0.218  24  23  33
 -11.536  -21.323  10  18  6
 -0.501   3.46  18  3  20
 30.661  -40.332  7  25  9
 11.459  -22.231  8  13  6
 -6.133  -88.458  1  13  1
 7.663  -96.65  19  11  15
 33.768  -6.44  13  20  12
 0.724   1.295  25  19  16
 0.79  -11.073  22  4  22
 6.554  -5.233  5  7  6
 -12.428  -14.383  13  18  15
