NAME bench385

MAXVEHICLES 8
MAXCAPACITY 200
MAXDURATION 400

DEPOT 4.62 4.643

CUSTOMERS 384

CUSTOMERDATA
 66.263   42.846  21  2  13
 -41.042   81.22  25  10  19
 24.611  -28.142  4  3  4
 -50.436  -36.344  5  11  3
 53.155   10.357  14  25  15
 56.009   9.349  8  7  5
 42.369   38.736  25  15  33
 36.948   19.815  18  1  13
 18.519   71.64  3  24  1
 15.676  -12.808  6  24  7
 25.841  -37.035  1  9  0
 15.224   1.475  23  11  13
 33.761   11.365  1  18  0
 5.769  -20.11  2  23  3
 10.466  -5.478  5  12  6
 -32.218   99.775  25  23  22
 95.112  -15.895  2  3  2
 30.929  -0.605  25  10  27
 74.282   21.646  16  15  8
 -84.345  -69.084  22  14  20
 54.365   40.39  10  22  13
 -0.53   37.941  21  16  21
 -5.507  -51.036  6  25  8
 -47.588  -47.115  19  23  9
 -73.064  -72.575  18  7  18
 54.657   52.758  22  15  25
 -66.667  -17.735  15  22  11
 33.18   41.431  14  12  11
 -4.793  -36.272  20  11  23
 -22.41  -47.982  25  3  33
 -88.242  -37.162  17  15  22
 22.324   57.475  10  10  13
 27.563   6.943  13  3  12
 49.124   38.862  22  11  23
 -67.291  -17.057  10  10  11
 -40.918  -13.509  9  22  12
 -8.376   10.439  9  1  12
 -39.173  -0.802  12  12  8
 8.029  -40.069  11  10  11
 -1.11  -13.865  16  14  23
 64.799  -11.458  9  15  4
 28.386  -91.385  11  2  13
 -39.75  -61.804  9  11  11
 -12.773  -27.56  3  11  3
 64.023   17.356  14  9  12
 26.642   20.176  10  1  14
 -63.938  -4.01  25  1  21
 48.474   75.577  13  23  18
 28.649  -33.899  16  10  9
 -10.915   4.886  20  5  16
 -11.851   25.912  8  15  9
 -49.982  -44.296  7  3  7
 43.933   73.866  15  9  21
 72.234   26.032  22  19  31
 29.231  -18.195  18  16  15
 15.489   17.686  9  2  12
 9.383  -5.901  15  8  9
 -50.165   43.974  24  16  25
 27.369  -5.645  17  6  18
 -67.828   24.974  16  21  16
 2.222  -12.695  4  14  5
 69.122   26.053  14  3  12
 51.605  -18.811  13  25  7
 12.597  -9.966  10  12  11
 58.527  -21.328  12  6  12
 31.998   29.616  18  2  25
 -56.502   30.365  6  8  5
 26.978  -9.157  20  4  28
 -0.488   19.707  25  5  36
 52.237  -22.234  8  17  10
 22.716  -9.722  19  16  17
 32.411  -13.287  23  21  16
 9.325   11.473  7  23  7
 42.675  -1.878  6  1  4
 -28.736  -27.744  8  3  7
 64.312  -38.161  7  16  8
 16.922   26.122  25  2  31
 9.498   28.713  11  10  12
 -83.414   23.566  11  5  9
 -41.115  -6.729  21  10  29
 21.615  -17.385  15  12  8
 -25.352  -29.485  11  21  13
 38.25  -55.97  8  8  7
 -14.036  -30.177  8  13  4
 -46.885  -40.624  17  17  9
 -29.216   63.479  8  17  7
 -80.092  -9.805  1  23  1
 -16.083  -49.525  5  8  7
 -3.146   35.432  7  6  6
 -89.455   32.086  8  8  10
 1.02   44.007  21  25  17
 32.556   48.704  13  4  16
 -39.741   20.389  6  18  5
 -31.917  -6.808  21  11  27
 -58.324  -56.375  8  4  7
 2.093  -19.592  20  3  10
 -53.975  -14.145  22  20  21
 12.812  -11.509  19  6  27
 22.92  -26.032  18  14  9
 -36.103   25.529  25  12  37
 20.883  -16.666  1  15  1
 31.175  -37.228  19  15  20
 45.066  -38.874  21  15  28
 -0.663   14.473  7  3  4
 16.368  -34.489  21  16  20
 15.168  -23.912  8  9  4
 41.62   29.363  11  12  7
 -27.906  -34.029  15  22  9
 28.482   48.818  21  14  29
 23.862  -19.13  13  9  12
 -32.981  -18.232  23  6  14
 19.518   31.039  9  14  5
 52.045  -33.348  24  8  19
 35.743  -28.074  13  3  10
 39.026  -15.05  24  17  27
 30.208   26.938  13  22  14
 -40.038  -37.912  8  21  12
 46.623  -5.279  24  12  13
 28.585  -43.338  16  14  17
 -4.879   18.782  24  13  24
 -50.116  -29.592  1  8  0
 25.592   36.073  25  11  31
 -48.587  -13.717  12  23  14
 -56.24   8.571  18  15  24
 -39.373   10.927  24  14  24
 -48.872  -36.014  14  4  11
 30.394  -28.344  15  23  11
 4.146  -73.481  20  20  26
 -39.059  -21.07  8  6  4
 99.987  -47.82  5  5  3
 0.481  -5.674  1  12  1
 26.86   60.189  20  13  18
 21.639   31.052  14  3  9
 38.17   43.478  20  11  24
 -8.159   12.473  10  19  13
 79.167   38.811  5  15  6
 -29.518   47.88  15  2  17
 -9.169   70.158  17  17  14
 50.127   1.596  9  15  9
 11.777  -60.761  5  13  5
 25.843  -29.177  15  13  18
 -36.923   10.265  14  2  20
 21.057  -0.339  9  3  8
 26.055   20.707  24  5  19
 -69.515  -33.099  25  19  36
 17.08   15.144  15  22  12
 46.012   57.818  12  1  6
 -24.693  -27.004  6  11  6
 47.597   25.639  17  22  13
 72.677   1.364  24  15  20
 -13.763  -5.036  23  18  14
 25.037   18.074  5  23  3
 11.141  -6.634  16  19  9
 8.589   48.595  9  1  5
 23.412  -86.642  23  20  19
 16.905  -35.779  10  6  9
 11.832  -2.561  10  5  14
 -8.014  -28.9  1  5  1
 -88.221  -92.368  16  12  13
 32.97   21.594  18  25  26
 52.128   53.066  3  2  2
 -50.292   43.6  14  18  12
 -88.274  -58.606  14  24  13
 -51.236  -41.473  11  7  14
 61.268  -1.758  5  22  5
 36.642   48.294  11  3  16
 64.611   53.096  19  17  10
 35.795  -45.111  11  13  15
 14.16   25.752  17  22  22
 -1.218  -3.234  16  5  18
 30.926   23.58  3  6  1
 -55.656  -18.393  17  11  17
 -79.247  -39.011  17  23  25
 26.43  -27.906  25  18  26
 66.041   28.095  18  23  22
 -90.987  -32.788  6  6  8
 12.011   27.413  21  22  27
 -0.999   42.736  16  7  16
 -8.121  -1.583  13  4  13
 13.828   5.939  9  6  5
 38.399   15.735  2  9  2
 -81.68  -41.489  3  18  1
 -61.76  -59.093  17  1  20
 -39.68  -33.629  20  15  23
 5.093  -9.162  18  2  18
 11.536   77.785  14  6  13
 11.843   85.079  7  2  6
 41.777   43.526  24  24  26
 -55.504  -22.471  1  24  1
 -10.565   18.601  11  15  6
 15.236  -0.855  1  1  0
 -40.541  -38.003  3  5  2
 50.543   27.762  13  1  6
 32.765   49.382  16  20  21
 -2.684  -5.805  2  22  2
 33.825   22.049  5  18  3
 -7.576   16.91  19  20  24
 -67.458  -57.114  10  23  12
 15.807   7.177  14  1  15
 -49.65  -7.235  5  6  4
 6.794  -5.986  9  2  4
 44.726   10.416  10  17  14
 -58.417  -21.316  15  1  14
 38.176   54.311  22  19  30
 10.724  -9.847  21  19  25
 -66.196   30.824  14  14  14
 17.959   7.667  2  9  1
 -37.906  -51.246  14  10  15
 32.168   28.386  21  23  27
 19.308   1.943  17  1  11
 -33.248   47.589  20  11  26
 -48.127   30.468  18  24  11
 15.819   42.084  5  9  3
 -3.968  -14.735  20  1  19
 21.867   46.279  4  17  2
 -51.834  -8.447  19  20  20
 -67.623  -7.235  15  16  8
 -54.621   9.425  14  5  10
 -46.594   35.617  15  13  22
 -20.727  -9.61  15  20  20
 -0.112  -8.571  9  3  6
 14.015   73.997  7  22  5
 7.115   25.006  5  13  3
 -22.297  -25.347  1  3  1
 17.219   3.384  5  25  3
 -62.513  -65.077  19  6  25
 20.458  -12.945  17  5  19
 62.521   4.104  23  7  28
 -10.604   15.698  16  18  11
 2.758  -14.095  11  1  10
 -59.743   48.067  13  15  10
 46.892   7.807  22  8  27
 -41.827  -57.964  6  14  7
 49.804   16.887  9  3  9
 25.342  -6.171  19  2  21
 -22.045   14.435  8  15  9
 7.221  -19.261  11  11  10
 51.122   35.581  17  12  15
 31.185  -12.502  14  16  13
 81.274   10.249  3  9  2
 61.487   31.033  24  20  27
 -4.181  -22.918  21  1  24
 -24.362   10.893  15  18  11
 23.259   21.27  1  19  1
 17.872  -6.639  8  14  7
 -23.182   7.054  17  11  21
 -43.336  -6.473  12  9  17
 -1.441  -10.189  12  1  6
 43.802   22.904  7  3  4
 -63.047  -10.215  5  10  2
 16.993   30.712  25  4  13
 31.866  -2.042  21  7  28
 6.779   14.457  25  14  14
 42.83  -26.02  21  17  13
 -33.765  -23.579  18  21  18
 -36.807  -14.279  4  2  3
 33.078   32.17  5  8  4
 70.003   42.047  6  18  8
 -26.624  -27.429  15  10  8
 65.262   92.373  6  19  8
 -3.484   57.92  17  10  10
 27.766   18.232  15  16  16
 -25.976   75.738  12  15  14
 60.046   38.109  21  23  14
 -15.332   1.464  12  10  11
 -11.639   60.853  7  17  6
 50.522   35.267  21  9  11
 -26.86   22.285  25  18  16
 18.318  -1.59  2  2  2
 -26.692  -23.747  19  17  13
 -48.31  -22.819  3  19  1
 -15.957  -21.218  13  15  15
 -80.199   54.543  1  25  0
 7.282  -31.432  23  19  22
 25.216   23.671  18  9  12
 -56.286  -22.373  20  20  15
 -85.948  -43.522  18  2  19
 35.1   28.516  20  13  15
 46.007  -59.754  19  24  11
 48.674  -9.031  21  3  18
 92.213  -1.648  10  21  12
 73.221   21.766  25  9  15
 45.739   18.518  11  25  5
 -75.345   5.358  18  25  16
 19.732   39.761  11  23  8
 -43.979  -63.699  4  20  5
 -63.673  -14.454  6  13  4
 17.163  -8.558  6  12  4
 38.913  -6.093  4  13  4
 8.906   0.193  5  21  4
 49.87  -30.477  6  7  7
 -22.979   39.146  12  23  6
 10.312   43.083  7  25  3
 -68.644   10.56  10  5  13
 27.607  -13.492  9  18  10
 43.563  -34.525  20  18  18
 2.446   24.312  17  14  14
 11.159  -10.24  16  18  8
 55.743   36.866  4  22  2
 -19.173   18.163  18  1  23
 -60.677  -60.651  1  17  0
 44.947   47.965  10  19  11
 -10.077   5.257  15  1  12
 16.183   35.428  5  21  2
 -49.056   14.593  15  17  21
 8.859   62.229  1  10  0
 -24.346   21.683  15  10  22
 -0.211  -40.596  14  12  14
 -68.543  -50.848  8  14  4
 50.544   19.169  10  24  5
 27.499  -60.006  19  1  28
 78.369  -22.137  25  9  34
 5.122  -1.136  12  9  9
 -64.635  -40.504  16  6  10
 -75.174  -15.673  3  23  2
 20.679   55.123  10  2  6
 18.489   50.129  19  24  25
 26.265  -61.868  17  9  12
 42.997   17.635  4  19  3
 -12.519  -29.21  24  21  12
 -49.537  -28.911  10  14  8
 55   22.094  12  19  7
 -25.958  -11.73  1  1  0
 49.232   9.73  4  2  2
 46.166   55.504  22  5  11
 35.677   29.919  18  23  23
 66.703   29.619  6  4  4
 61.919   15.814  24  19  15
 -6.047   19.038  21  24  20
 71.066  -2.951  2  9  2
 -16.955  -17.458  15  10  18
 43.762   44.019  23  6  15
 22.906   21.098  6  8  7
 -46.711  -35.525  2  16  1
 1.173   25.301  20  15  16
 -48.603  -18.6  13  19  9
 -74.444  -27.578  14  15  18
 1.879  -16.373  14  23  11
 -41.36  -22.255  20  23  18
 58.11  -45.772  2  9  1
 -77.361  -71.852  10  4  14
 1.979  -9.235  21  19  22
 -14.788   35.292  7  21  4
 -49.734  -14.566  16  15  18
 -22.899   46.867  19  20  25
 25.807   21.684  10  1  5
 6.311   39.353  8  4  5
 -57.466  -46.893  4  4  4
 -15.784  -61.922  21  23  22
 -3.728  -11.026  4  2  2
 -31.183   62.303  1  25  1
 -67.513  -85.661  11  13  10
 -74.076  -81.749  6  23  3
 89.579   47.205  8  1  4
 -41.124  -31.685  4  22  4
 -13.064   19.338  22  16  26
 -48.173  -52.619  24  11  27
 -37.025  -1.71  12  11  9
 27.027  -23.524  19  3  14
 24.782  -13.423  23  20  13
 -52.404  -37.551  24  20  24
 46.585   36.302  11  7  13
 1.064   33.615  11  17  12
 57.299  -27.527  20  18  23
 21.041  -58.772  8  17  7
 48.026   31.664  7  9  9
 -26.139  -27.662  14  9  7
 -26.889  -88.6  16  8  16
 -71.509  -26.731  25  4  15
 77.373   50.597  6  21  4
 27.037   15.684  11  25  6
 -33.181  -52.17  13  11  15
 0.117   18.07  20  16  11
 52.677  -20.213  10  13  7
 55.97   1.153  3  24  2
 40.516   42.331  16  4  13
 -8.532   49.479  18  20  19
 82.837   67.402  16  18  8
 15.985   61.433  13  7  10
 5.184  -51.978  2  21  1
 53.334  -18.434  14  14  18
 33.268   13.065  15  12  8
 20.453  -11.535  6  18  4
 -89.416  -14.266  3  15  1
