NAME bench505

MAXVEHICLES 6
MAXCAPACITY 75
MAXDURATION 100

DEPOT 8.189 1.043

CUSTOMERS 504

CUSTOMERDATA
 42.402  -70.801  2  14  1
 -86.959   47.437  22  4  17
 -25.161  -43.312  6  20  6
 8.398   60.899  20  18  14
 28.889  -21.709  19  6  21
 23.308  -29.233  2  6  1
 54.157   36.516  9  23  11
 19.149  -2.475  25  4  18
 50.492   47.94  1  7  0
 88.519   0.562  8  18  9
 -42.582   8.457  9  24  6
 -4.318  -54.377  10  20  6
 -57.393   22.629  2  19  1
 53.135  -16.546  23  17  34
 29.112  -7.483  1  20  1
 -56.044   28.902  24  11  21
 34.537   62.399  14  10  20
 -38.044  -12.471  8  23  8
 -30.829   33.343  12  3  6
 49.798   55.378  3  15  2
 -67.436   48.585  2  5  2
 53.255   38.985  6  7  6
 70.652   2.994  5  19  6
 -85.977  -82.646  22  19  11
 -49.57  -5.576  22  13  23
 48.073   39.694  23  3  26
 63.352   64.691  23  20  17
 30.762  -3.246  10  20  8
 38.65  -18.468  6  25  6
 51.489  -29.891  8  15  10
 12.422  -14.644  12  22  15
 -46.918   36.402  13  21  17
 77.967  -18.963  21  15  20
 -59.311   69.333  7  11  7
 36.366   30.541  5  22  5
 -4.791   51.922  21  24  28
 47.396  -32.127  14  2  19
 -72.773   29.656  2  14  1
 69.009  -25.964  22  11  22
 20.213  -9.325  6  14  8
 29.77   28.952  6  13  3
 55.775  -18.149  15  12  18
 89.453   11.272  16  3  20
 63.872   37.037  14  20  17
 -10.364   54.438  22  24  19
 17.18   27.276  22  21  31
 61.275   38.716  10  9  8
 -89.362   46.982  20  8  27
 71.534   20.665  11  19  6
 49.825   37.502  21  2  17
 -33.346   8.598  16  22  18
 37.988   36.24  21  24  23
 -63.682  -34.48  6  23  8
 31.188  -39.138  9  15  13
 -7.048   45.307  21  5  18
 -14.278  -20.058  12  15  17
 -44.503  -9.7  19  13  11
 -56.836   77.273  24  4  25
 -47.707   92.258  14  2  15
 94.074   9.237  21  4  21
 10.398   6.285  4  5  5
 9.054  -13.562  24  24  21
 -84.512   43.601  20  22  11
 -55.247   2.503  24  25  28
 27.319  -25.99  21  5  21
 44.487  -20.427  1  13  1
 10.126   7.56  15  22  13
 -50.214   6.633  7  19  9
 50.607  -45.572  23  16  33
 8.127  -42.086  23  10  29
 15.603  -1.56  14  20  13
 44.917  -30.921  14  21  10
 70.909   16.856  16  15  16
 75.76  -30.92  16  6  12
 -30.107   33.361  16  10  14
 42.602   40.541  14  6  17
 -13.016  -76.341  10  13  12
 31.224   33.027  6  11  6
 7.747  -25.851  22  9  18
 -50.66   30.282  16  12  22
 -68.85   48.344  10  12  5
 -47.752  -2.813  18  25  21
 -33.837   35.419  13  10  11
 -34.498  -25.234  18  12  9
 15.485  -40.673  16  7  8
 27.918   77.016  19  2  18
 10.137  -12.876  13  1  14
 45.84  -21.277  13  14  18
 -25.502  -19.319  7  14  6
 27.176  -31.818  3  1  4
 -8.326  -24.969  3  16  2
 12.175  -52.883  17  25  21
 63.217   49.2  18  16  15
 59.471  -27.087  17  12  22
 -91.589   48.161  10  17  9
 -30.247   38.112  11  22  5
 55.117  -5.827  16  11  15
 48.075   30.532  8  17  11
 -7.547  -6.738  15  16  8
 -49.301  -22.78  22  12  32
 -36.464   28.212  24  18  27
 5.474   0.217  12  17  12
 -51.68   48.485  9  8  12
 -81.456   36.679  25  11  17
 20.362  -24.803  18  6  17
 40.503   42.685  24  18  12
 -99.939  -61.717  10  24  6
 -6.817  -21.224  23  20  15
 33.023  -19.072  5  3  7
 27.961  -9.331  14  6  13
 11.438   1.388  13  4  8
 -50.669   21.804  15  25  9
 47.714   32.743  3  16  2
 -88.302  -19.33  25  3  20
 -38.7   54.712  8  3  9
 59.134   0.185  23  17  24
 43.713   19.176  9  1  13
 44.975   28.085  13  4  7
 -33.841   87.583  6  14  6
 -52.148   4.61  12  14  12
 71.737  -40.079  1  14  0
 -51.493   19.839  4  14  5
 -89.677   69.466  4  2  4
 45.735  -81.174  13  6  17
 13.859  -22.42  11  11  11
 6.349   8.488  14  10  11
 23.422  -10.338  24  24  18
 -71.127   25.619  19  10  24
 24.719  -19.378  17  13  9
 55.471   1.46  14  13  9
 52.931   29.267  7  8  8
 -36.134  -32.703  17  18  15
 -30.973  -71.009  22  3  14
 -78.453   66.531  21  16  25
 -44.851   34.341  14  19  18
 58.269   5.147  8  12  10
 -36.591   25.257  4  7  4
 84.898   46.392  20  20  17
 -85.018   35.172  9  8  9
 45.381   54.433  2  18  2
 -71.107   9.501  24  7  30
 19.588  -0.993  19  7  27
 -39.701   31.037  1  15  0
 -21.824  -5.707  20  9  16
 52.71   70.058  25  4  36
 -31.196  -5.706  21  25  17
 -96.26  -3.149  15  10  7
 27.548  -14.299  14  24  14
 21.669  -11.583  8  23  6
 13.111   0.333  7  18  6
 43.567   17.42  12  2  7
 59.514   40.773  10  17  6
 -56.077   39.2  25  24  14
 0.835   41.046  7  11  4
 -78.747  -59.077  16  17  13
 -91.922   26.782  17  17  15
 40.354   10.015  5  22  7
 29.695   20.925  21  20  21
 -34.11   32.459  22  17  18
 48.083  -9.429  14  21  20
 21.993  -35.854  24  1  20
 8.071   17.743  7  12  6
 55.951  -50.805  4  3  3
 20.758  -19.553  23  17  29
 -96.755   4.974  21  9  22
 -21.975   4.087  14  22  20
 -94.312  -33.207  5  14  2
 95.903   80.963  20  21  28
 -71.607   51.791  14  24  18
 -37.792   51.557  5  23  5
 -14.689   71.21  14  12  8
 34.906  -66.788  4  16  4
 -41.622   36.303  8  2  11
 57.528   54.647  3  17  3
 46.992   52.019  11  20  13
 -78.281   68.763  17  16  24
 -70.732   17.009  18  22  23
 37.263   58.184  10  23  10
 -39.168   4.787  11  1  11
 58.299  -69.457  15  10  9
 -54.253  -13.354  2  9  2
 33.943  -13.685  11  18  5
 -3.137   27.52  18  23  21
 -57.19  -17.623  14  3  16
 43.221   46.172  19  25  19
 69.588  -19.596  12  19  11
 -26.08   54.735  9  9  8
 44.943  -16.084  17  16  18
 26.132   42.925  14  6  14
 -57.522   4.429  1  5  0
 -74.431   70.522  3  13  2
 86.252  -52.196  12  24  8
 -34.552   23.025  4  6  2
 -0.54  -20.959  17  17  22
 25.68   97.678  23  11  24
 -59.81  -31.924  5  18  3
 41.618   13.507  5  23  6
 52.672   21.208  23  12  27
 11.48  -30.865  2  2  2
 -28.671   50.569  9  16  8
 -40.18  -3.602  13  21  6
 1.082   6.943  12  9  16
 -63.358   0.775  7  25  6
 73.048  -11.521  17  15  23
 54.764   51.621  5  11  6
 33.682   22.178  16  12  16
 -69.139  -16.731  21  5  16
 -50.306   33.072  12  19  13
 10.532  -16.268  7  5  9
 62.759   16.337  5  11  3
 13.93  -14.167  1  3  1
 -52.365   38.437  15  2  9
 1.189   20.28  2  3  1
 38.515   30.652  12  7  11
 -80.72  -10.299  21  3  13
 12.961  -0.599  3  21  3
 7.407   50.416  17  10  9
 -37.519  -12.584  10  21  7
 84.084   75.538  6  13  8
 -32.038  -29.993  15  8  20
 -61.786   22.206  7  16  5
 -41.298  -7.904  21  1  16
 32.922   64.495  15  24  9
 -68.263   9.835  6  13  8
 19.948  -36.397  9  7  6
 22.294  -10.645  16  8  21
 -42.302  -15.786  13  16  14
 35.588  -11.413  14  16  17
 -92.921   16.012  19  18  13
 42.264   10.949  10  8  9
 -5.409  -17.772  25  5  20
 -4.856   19.934  21  21  26
 -78.637  -37.318  1  8  1
 36.05   18.963  2  4  2
 50.752   82.993  11  12  12
 21.263   6.872  23  1  27
 -37.896  -20.35  9  8  8
 -33.164   31.493  13  10  12
 -14.654  -21.79  6  17  5
 39.624  -4.784  12  9  11
 35.523  -44.013  2  3  2
 73.969  -35.138  4  1  4
 59.782   7.84  13  13  10
 48.771  -37.582  13  25  15
 70.655  -41.039  8  12  7
 76.56  -36.572  25  23  32
 -84.59   15.677  4  1  5
 34.796   3.436  14  19  7
 -78.12   42.646  16  6  10
 30.049  -31.403  8  1  4
 2.241  -19.204  15  21  8
 44.155   46.239  24  20  32
 -85.776   58.475  14  7  7
 8.834  -81.476  19  12  11
 -19.168   6.677  20  22  20
 88.506   15.142  17  16  15
 13.459  -10.18  14  22  11
 35.865   15.619  2  13  2
 70.121  -49.55  23  17  13
 -52.189  -42.302  11  25  15
 87.478  -4.51  21  25  12
 49.416   30.28  5  6  5
 -34.745   34.613  10  13  12
 74.192  -32.859  20  15  14
 66.56  -20.207  6  9  5
 -47.485   29.86  21  5  19
 -47.483   28.088  7  25  3
 -0.588  -12.209  8  23  5
 43.904  -19.9  13  25  13
 -67.026   38.585  18  13  12
 -73.413   2.974  5  16  3
 -22.952  -10.762  19  4  23
 34.699   50.698  1  8  0
 10.686   1.661  20  13  19
 -71.228   3.167  25  11  17
 -36.082   48.988  25  8  19
 -55.437   32.329  7  20  7
 51.564  -31.184  24  25  18
 71.565   2.768  1  2  0
 -34.999  -18.292  16  24  14
 -5.906   34.188  12  15  15
 -48.736   55.756  14  17  8
 -26.33  -17.665  8  14  4
 -73.365   65.812  4  10  3
 -68.751  -47.658  25  9  19
 15.741   50.762  14  18  19
 38.688   34.975  16  22  12
 39.869   42.389  25  10  17
 21.681   3.735  2  13  2
 -54.917  -94.652  1  6  0
 -11.734   0.563  11  1  14
 32.779   23.399  13  14  7
 55.153   45.925  22  24  11
 54.354  -19.748  9  25  12
 0.935   0.702  19  10  22
 24.863  -10.605  19  2  17
 -53.83   33.032  10  16  8
 -48.891  -5.226  18  18  9
 54.797  -8.391  6  17  3
 -13.489  -1.157  4  4  5
 -6.529  -90.787  17  2  15
 39.674   27.217  17  20  18
 -75.589   58.68  13  9  10
 -89.834  -56.833  10  24  5
 -49.394   53.968  6  1  8
 45.058   45.313  2  12  1
 58.998  -30.573  7  16  10
 -42.363   5.773  18  20  19
 33.538   29.717  19  23  10
 39.934   33.984  4  6  2
 -79.332   14.624  7  20  10
 -59.539  -6.236  13  7  17
 63.171   63.822  7  24  5
 -32.03   41.254  13  7  8
 -44.093   56.646  9  18  7
 93.204   45.567  19  16  11
 34.923  -10.095  17  20  22
 60.272  -27.599  5  21  3
 20.223  -29.09  8  5  7
 53.858   67.946  3  10  1
 -35.964   38.259  17  14  13
 19.522  -38.366  15  3  9
 5.654   10.871  9  21  7
 7.885  -10.768  24  13  17
 10.116  -24.235  1  9  0
 -18.129  -5.803  25  12  32
 -17.504   30.155  20  7  13
 70.497   48.7  25  16  16
 -51.397  -18.475  18  16  17
 46.347  -19.5  11  2  15
 31.598  -12.477  12  20  14
 40.749  -73.507  8  23  5
 25.407   36.292  24  21  28
 -16.392   84.078  18  2  12
 18.422   24.832  15  3  12
 -47.114   23.666  2  1  1
 15.737  -36.281  4  25  5
 -16.348   49.74  23  5  19
 77.71   5.149  21  5  19
 51.262   25.388  10  9  5
 14.077   62.389  15  25  21
 -42.422  -2.979  14  9  14
 65.856  -39.59  13  7  8
 -12.782   77.941  1  3  1
 45.812  -8.798  5  15  6
 -51.169   41.293  10  17  5
 7.656  -24.431  15  5  9
 56.238   25.387  12  23  13
 16.095   10.097  13  6  14
 -5.976   3.773  14  12  9
 20.468  -19.926  7  4  9
 27.805  -15.191  6  12  5
 57.643  -31.255  2  3  1
 74.78  -4.851  12  15  6
 -37.306   1.411  21  7  25
 -3.589  -8.874  1  11  1
 -41.409  -14.348  19  6  21
 1.732  -14.028  13  22  10
 -14.453   36.113  19  12  14
 -25.505   2.671  25  6  14
 -8.557   30.094  9  18  9
 -38.189  -30.942  4  12  4
 -55.114  -24.576  14  22  15
 -82.105   56.276  4  6  4
 -97.805   35.867  14  24  13
 -52.054  -11.369  25  18  32
 -3.18   89.37  16  25  9
 -47.331   31.446  13  5  13
 53.595  -8.152  24  19  14
 -28.388   4.129  10  5  6
 66.888  -9.626  18  18  10
 -31.461   5.472  15  15  18
 -42.285  -5.693  15  17  8
 -49.669  -4.412  6  12  4
 54.583   29.744  1  5  0
 -21.455   11.624  11  21  9
 -8.379  -11.894  16  25  17
 -29.794   44.875  3  2  1
 30.336  -16.737  20  7  15
 -51.632   54.381  2  17  1
 40.23  -11.276  22  20  28
 -61.462   1.398  11  19  6
 43.618  -26.102  20  24  14
 9.849  -5.556  11  10  7
 -44.004   96.497  1  3  1
 41.329   40.151  16  6  8
 -49.064  -31.631  1  6  0
 51.083   63.529  19  2  15
 -17.579  -2.969  6  24  5
 -48.21   39.744  15  21  15
 62.764  -35.957  15  8  21
 64.666   78.285  1  9  1
 59.536   26.273  19  19  25
 -47.917  -6.231  1  8  1
 -48.423   29.352  8  25  11
 -53.899  -2.25  2  17  2
 8.707  -23.378  17  13  19
 17.636   61.191  11  20  7
 -54.061   24.094  18  5  18
 26.432  -12.079  19  16  14
 -37.756   9.871  7  21  8
 -42.383   7.535  8  7  4
 -2.689   2.983  18  12  11
 95.419   68.69  19  13  15
 -23.295   80.107  17  12  12
 -48.037  -16.465  16  20  22
 60.206   16.107  21  5  13
 43.937   50.719  16  7  16
 29.24  -21.866  16  9  16
 32.852  -7.018  22  8  19
 -74.938   40.784  6  10  8
 -55.473   31.092  18  25  23
 60.23   8.276  25  18  15
 -43.458   15.962  20  14  19
 -31.179   89.068  18  7  11
 -16.754   50.393  11  8  11
 -16.427  -33.442  21  22  15
 46.965   36.462  15  8  19
 66.149  -23.844  7  7  6
 72.221  -32.08  12  20  15
 -41.478  -6.217  16  18  22
 -42.581   58.49  24  9  14
 30.122  -65.545  13  10  14
 43.732  -19.89  21  25  27
 42.157  -1.235  22  18  17
 68.065  -13.137  7  9  9
 88.276   83.155  1  8  0
 56.795  -4.755  2  19  1
 33.949  -32.006  20  22  13
 59.499   37.987  3  12  3
 -5.288  -35.097  16  9  20
 -29.819  -40.218  16  25  19
 -42.537  -22.332  9  8  13
 57.656  -60.219  24  3  29
 53.996  -7.971  8  19  5
 41.621   16.7  15  7  14
 46.42  -32.946  15  13  15
 39.188   41.479  25  11  22
 -22.334   22.149  4  24  2
 -1.075   61.294  19  14  24
 -36.918  -25.346  20  12  20
 -44.129  -15.933  11  16  10
 28.94   66.824  9  10  9
 62.023   39.669  10  4  8
 16.335   43.324  7  25  8
 -2.556  -27.584  3  3  2
 -42.328   20.973  3  2  3
 -38.098  -0.217  4  5  2
 71.461  -54.011  3  13  4
 -21.01   49.899  22  5  18
 -20.028   33.67  21  2  19
 95.152   47.574  24  14  36
 -58.571   37.911  16  13  21
 38.738   24.786  17  15  21
 19.295  -4.39  8  11  8
 62.226  -12.758  4  16  4
 22.327  -11.145  15  15  16
 27.306   4.677  6  21  7
 14.107  -10.787  25  19  34
 17.376   55.142  7  11  10
 -47.477   43.113  2  15  2
 -35.347   18.538  9  25  9
 -11.543  -7.531  22  6  13
 -63.484  -24.464  1  1  0
 25.722   2.333  1  3  0
 -66.709  -48.274  14  11  16
 64.207   18.064  21  12  22
 43.456  -16.597  14  18  11
 24.067  -25.726  22  8  32
 22.101   37.853  15  25  8
 -45.576  -6.365  13  1  18
 13.932  -5.812  15  16  22
 22.113   22.972  22  23  20
 -17.858  -0.344  25  8  13
 44.05  -48.742  10  10  7
 -37.565  -18.431  18  13  24
 18.11   56.355  18  15  15
 -45.042  -30.597  4  10  2
 -71.962  -17.692  17  6  8
 -40.473  -2.179  18  12  12
 51.125   29.295  22  11  27
 33.729  -3.61  4  15  4
 46.596   82.236  21  15  19
 -22.011  -39.483  8  1  7
 -24.04  -31.231  13  13  18
 -22.43   57.633  1  11  1
 10.831  -34.804  10  12  11
 15.102  -11.072  10  19  8
 -34.379  -16.792  8  6  10
 -58.008  -8.972  14  18  19
 13.913  -4.181  3  11  4
 11.211  -12.073  2  3  2
 57.786   25.416  3  12  4
 44.376   30.772  18  23  27
 -21.469  -46.428  13  18  14
 93.589  -29.406  5  14  6
 50.319   37.85  3  3  2
 -26.28   75.832  16  19  23
 -16.039   4.121  25  7  32
 70.11  -16.327  17  24  12
 98.464   98.072  14  25  20
 -57.227  -0.001  25  22  35
 2.224  -15.683  11  22  5
 -70.844  -21.601  16  9  20
