NAME bench577

MAXVEHICLES 8
MAXCAPACITY 200
MAXDURATION 400

DEPOT -4.812 -8.888

CUSTOMERS 576

CUSTOMERDATA
 22.548  -37.716  14  6  8
 41.468   74.867  20  18  15
 43.707  -41.693  20  2  21
 52.422   29.791  20  10  14
 72.113   74.879  19  5  21
 -98.943  -84.73  6  13  3
 -55.18  -27.701  18  5  23
 -1.49  -57.926  12  5  9
 33.472  -31.59  9  17  5
 -36.339   0.499  18  4  21
 51.895   66.406  22  8  15
 -58.798  -9.723  8  12  4
 -27.137  -29.022  19  14  15
 -23.952   5.462  4  14  6
 -12.322  -44.96  6  3  7
 -54.564   3.58  23  17  20
 24.479   29.735  7  22  10
 -19.215   47.268  20  17  21
 -66.142  -36.792  16  16  8
 -67.491  -11.699  4  22  3
 55.324   16.93  8  20  10
 29.545   35.983  18  17  18
 -13.164  -45.577  10  24  13
 -7.676   1.588  10  8  5
 52.969   32.113  20  11  21
 32.294   30.206  18  20  20
 35.339   17.448  10  4  7
 87.618   48.966  13  14  10
 12.118   37.405  17  7  19
 -9.396  -5.056  9  7  11
 -24.081  -31.236  23  25  29
 45.646   36.797  21  14  28
 40.05   59.569  13  7  12
 61.116   43.527  16  4  16
 85.253   86.383  4  25  4
 18.822   83.966  20  3  26
 -28.27  -63.086  1  11  1
 -19.327  -14.521  17  3  11
 -11.462   70.265  19  2  19
 -25.52  -59.328  4  23  5
 -46.105   34.53  20  13  10
 -23.601  -46.575  14  12  17
 -25.901  -43.772  15  23  19
 -58.296  -35.022  12  12  15
 -13.469   33.823  12  1  10
 36.489   82.323  1  23  1
 45.552   27.315  15  15  13
 46.617   13.316  25  3  34
 19.979   41.754  18  8  10
 8.736   50.986  10  15  8
 -7.811   0.925  3  25  3
 42.213   24.592  11  2  12
 16.983  -36.835  19  23  26
 -24.327  -24.262  10  2  14
 -24.974   25.213  17  8  14
 41.136   10.994  2  20  2
 -0.27   8.715  24  22  14
 26.845   41.469  5  21  5
 32.17   41.081  7  22  7
 -54.425   9.457  7  1  7
 17.221  -30.663  5  7  7
 45.922  -19.621  20  14  17
 -20.76  -26.984  15  23  8
 -26.392   99.634  17  15  20
 -40.773  -43.771  21  15  21
 47.408   25.663  21  3  29
 14.872  -24.491  3  24  2
 22.977  -19.517  19  4  26
 -37.135   0.993  15  24  21
 21.437   47.312  25  8  32
 -22.976   23.714  19  11  17
 -27.149  -10.142  23  8  16
 69.879   21.034  20  5  20
 -81.723  -78.274  17  4  13
 -18.626  -18.404  16  3  14
 3.952  -40.204  18  24  22
 -35.769  -14.614  3  8  3
 29.516   58.893  7  3  7
 52.48   46.233  10  4  8
 5.934  -60.64  1  4  1
 42.657   22.145  2  4  1
 -48.454  -36.042  24  7  28
 -28.143  -64.883  9  20  7
 31.497  -13.625  23  4  11
 -32.885  -21.645  6  17  3
 56.73  -34.274  4  20  3
 -39.344  -33.405  15  19  16
 -43.916   2.947  6  3  8
 0.764  -50.024  16  21  14
 -13.433  -63.475  16  2  21
 42.27   66.373  2  23  1
 45.923   3.655  23  1  28
 6.131  -29.927  19  3  16
 37.229  -12.158  11  2  14
 -4.994  -15.958  9  8  8
 66.487  -16.933  9  11  4
 -34.555  -46.348  13  3  12
 -40.119  -53.6  10  1  14
 -75.978  -48.254  11  8  5
 -25.773  -94.66  19  24  28
 8.119  -23.627  21  23  23
 -44.23  -43.103  16  18  16
 -23.102   14.308  17  20  23
 -26.461   74.148  23  8  16
 -15.727  -34.288  20  10  19
 -2.873  -31.643  18  7  9
 64.073   1.4  10  2  6
 -58.64  -3.425  1  17  0
 4.165   8.538  3  23  4
 -17.894  -22.777  9  20  8
 37.14   21.255  9  4  5
 82.003   79.402  3  14  1
 -21.848  -35.161  11  18  8
 -63.6  -59.594  18  21  14
 75.348   37.156  19  17  22
 -19.655  -39.292  3  20  3
 -79.513  -54.535  25  13  37
 25.437   55.905  16  8  8
 -18.883  -89.847  19  4  20
 -52.656   3.701  9  21  9
 84.237   4.851  25  13  23
 -23.777   49.621  9  21  11
 -8.286  -47.841  15  22  18
 79.144   37.309  21  5  28
 29.879   42.78  23  2  23
 -7.301  -75.713  14  18  11
 37.49   19.64  8  20  6
 13.309  -13.915  5  13  6
 56.059   46.662  25  9  14
 73.965   30.321  21  20  14
 48.343   5.43  22  16  27
 -50.167  -3.714  4  23  3
 -11.734   39.893  7  23  4
 -64.1   29.272  8  6  9
 29.635   44.187  14  12  18
 -49.286  -29.02  14  21  17
 -65.769   0.265  14  10  15
 34.207   80.785  3  23  2
 -56.395  -32.426  12  6  12
 46.317   47.55  18  18  19
 -49.245  -3.378  9  21  11
 31.598  -13.984  14  23  20
 -62.551  -43.454  9  4  8
 54.909   1.236  14  10  11
 33.3  -31.688  10  4  14
 -35.797   48.54  5  15  4
 -38.062  -36.761  16  6  8
 -22.793  -32.969  14  9  14
 -18.091   86.324  2  16  1
 -55.629  -40.937  2  5  1
 -24.233  -52.405  21  22  13
 15.634  -47.278  21  2  13
 36.427  -24.353  12  4  6
 22.525  -41.016  6  18  3
 -8.343   11.77  21  1  17
 52.521   32.65  2  7  1
 60.251   19.13  14  11  20
 -41.201  -58.084  23  19  23
 -6.609   33.41  14  15  11
 -18.321   5.683  12  14  17
 21.144   41.76  21  17  18
 28.237   6.055  18  18  15
 84.205   4.223  23  4  22
 -27.177  -42.523  2  7  2
 -44.536  -50.856  17  14  18
 -51.023  -25.141  18  16  26
 22.467   21.636  1  8  0
 -36.24   7.742  4  5  5
 -96.81  -60.946  18  2  24
 15.378  -17.406  14  1  15
 -57.678  -24.81  1  22  0
 80.453   18.342  2  19  2
 16.428  -18.245  25  2  37
 -11.828  -31.604  1  3  1
 37.855   36.745  13  5  16
 -5.347  -1.15  7  23  10
 65.746   48.973  21  17  27
 13.766   16.565  7  16  7
 -52.857  -30.811  25  8  26
 30.053   13.36  25  22  16
 80.619   19.574  22  4  23
 65.187   6.348  19  8  9
 -44.564  -42.505  20  17  24
 43.772   22.151  4  14  4
 -19.526  -42.719  8  9  8
 61.725  -22.021  4  15  3
 4.037  -11.874  22  23  19
 -8.223  -15.043  23  9  25
 74.959   14.143  18  21  18
 43.967   33.415  5  20  3
 85.902   53.245  7  3  6
 -58.106  -79.305  21  2  15
 15.927   7.926  18  3  9
 -24.482  -13.164  2  17  2
 63.18   7.664  8  24  8
 -62.275  -59.294  16  22  12
 10.887  -5.935  22  8  28
 6.827  -23.733  23  15  27
 -54.094   5.689  14  17  15
 40.572   16.477  15  24  13
 -29.304   2.335  22  23  11
 3.016  -38.984  22  24  30
 -4.983  -30.954  20  10  18
 55.87   42.387  2  20  2
 -14.727   56.131  7  16  8
 -67.398  -55.342  17  7  17
 -28.898  -21.665  25  12  19
 -14.089   20.891  1  2  1
 31.765  -2.338  16  11  21
 40.529  -24.259  22  17  14
 9.67  -6.927  19  9  25
 -14.141  -29.03  3  25  1
 -12.269  -63.736  14  17  9
 -49.374  -2.364  14  25  13
 10.861   12.984  11  19  7
 -7.099   41.581  22  11  23
 10.777  -24.094  12  4  6
 -13.588  -89.144  24  1  17
 -12.369  -16.685  17  1  25
 -10.555  -34.691  12  9  16
 -44.053  -7.138  24  14  17
 -53.203  -47.481  19  13  15
 11.686  -74.217  10  23  6
 -19.227  -73.896  16  13  23
 83.218   1.076  22  9  15
 4.579   38.887  22  12  29
 36.461   15.05  7  24  8
 31.687  -20.806  7  14  8
 -3.71  -52.583  4  5  2
 -19.113  -73.605  5  7  4
 -13.136  -6.068  18  24  14
 46.327   10.172  16  3  20
 -55.41   9.36  3  7  3
 29.103  -24.178  2  3  2
 46.028   10.668  9  5  9
 27.013  -7.563  23  23  27
 84.35  -28.79  3  20  2
 34.318   9.504  15  18  13
 -41.09  -10.276  13  14  12
 -52.379  -22.32  6  1  5
 -1.936  -49.54  14  4  15
 3.802  -55.921  15  3  17
 33.172   39.783  16  16  12
 -15.673  -66.162  9  5  10
 17.105   12.232  4  23  3
 62.834   23.686  20  1  25
 -16.58  -55.14  8  17  11
 57.233   23.678  6  7  3
 -38.312  -38.073  19  20  12
 -23.403  -91.221  15  19  7
 39.191   72.4  8  12  4
 -40.692  -40.795  2  14  2
 -6.623  -43.42  22  2  12
 44.181   19.75  17  2  10
 99.894   51.671  7  17  7
 77.296   5.323  2  11  1
 -25.972  -11.766  4  13  3
 -39.037  -30.335  20  6  27
 55.622   20.124  6  2  3
 28.11  -27.619  21  5  30
 -19.147  -48.51  17  22  10
 -35.829   3.369  6  10  6
 -19.604  -40.966  17  4  20
 57.019  -53.284  5  2  3
 48.139   21.995  18  14  17
 -16.43  -8.488  10  5  9
 17.183   45.329  15  9  8
 -17.769  -43.857  15  1  9
 47.834   41.772  21  11  22
 -26.56   7.631  25  4  17
 -19.957  -70.815  12  12  7
 42.079   57.337  17  16  20
 -24.132  -83.909  17  7  14
 67.925   21.901  15  9  14
 -18.514  -18.866  16  22  10
 2.985   19.249  8  24  6
 -80.188  -75.695  22  9  24
 -42.077  -59.002  23  17  17
 28.637   37.858  5  5  3
 7.71  -77.048  13  5  11
 -27.901  -39.732  23  7  28
 42.746   41.422  18  10  10
 19.043   41.654  16  5  8
 34.291  -1.753  10  19  9
 36.414  -37.371  6  3  4
 -24.722  -10.759  21  8  29
 13.312  -2.423  18  19  13
 -13.265  -7.958  8  17  5
 -0.53  -40.997  16  1  16
 -9.834  -40.703  9  11  8
 -24.355  -18.538  24  15  31
 -14.967  -22.811  6  21  3
 75.747   44.151  4  1  2
 -67.562  -77.572  12  21  16
 -65.441  -18.461  3  9  3
 1.646  -48.436  12  16  11
 22.811   28.003  2  20  1
 -78.804  -31.08  7  19  3
 2.619   55.466  7  11  4
 -40.213  -20.68  8  11  10
 -16.477  -36.705  19  4  17
 -47.499  -54.58  8  3  8
 52.111  -41.892  7  14  5
 -2.815  -30.849  25  6  13
 -42.079  -11.947  7  5  9
 31.102  -98.805  5  2  3
 -20.99  -53.773  14  17  20
 2.624   28.319  24  21  25
 -59.803  -35.41  16  9  8
 -67.554  -48.517  17  8  9
 -60.325  -13.755  23  19  34
 -34.143  -25.438  5  19  6
 14.595   73.25  24  5  19
 94.495  -7.189  6  12  3
 52.043  -0.092  13  13  11
 -89.417   17.311  9  20  5
 32.874  -54.785  24  2  32
 47.551  -0.54  1  18  0
 17.1   54.59  23  1  22
 19.466   70.321  7  14  3
 3.875  -84.041  15  16  12
 -53.967  -57.128  1  19  0
 46.943   48.535  8  2  6
 50.641  -20.767  2  12  1
 26.627   35.564  3  24  1
 40.917   45.758  15  20  19
 21.36   55.659  9  7  6
 -24.811  -32.103  4  25  2
 22.631  -57.558  5  12  4
 -50.437   32.507  20  4  28
 37.314  -10.778  24  23  29
 32.223   37.483  22  15  15
 -17.851  -44.419  12  19  14
 27.971  -36.147  3  15  2
 0.223  -29.738  11  16  9
 80.126   28.923  16  11  11
 -5.859  -6.104  11  19  14
 47.723  -10.072  21  20  17
 56.091   24.057  24  21  22
 55.553   9.008  20  6  10
 67.81   99.101  7  15  10
 34.374   35.792  15  23  15
 82.153   25.113  7  9  4
 44.392   61.807  9  10  10
 8.806  -34.13  5  25  6
 7.543  -18.602  12  7  6
 64.189   42.056  24  20  15
 -40.166  -6.713  13  16  14
 8.749  -12.467  22  16  23
 -21.218  -80.92  10  23  6
 39.087   50.47  6  11  8
 -68.153  -58.32  19  17  18
 95.827  -18.26  1  19  0
 44.272   50.176  1  22  0
 -48.198  -28.34  9  1  10
 -2.589   37.19  1  25  1
 50.311   51.024  20  12  22
 -7.177   63.99  3  5  2
 -37.963  -33.616  6  2  4
 -24.744   24.807  5  9  2
 2.705  -30.913  6  24  6
 39.324   10.227  11  17  13
 -29.684  -40.351  4  9  4
 -42.889  -42.863  5  19  5
 13.442   13.108  3  23  2
 -46.782   48.561  7  8  9
 18.271  -15.998  14  21  7
 7.182  -26.952  21  12  21
 43.807   39.288  21  13  12
 -28.168   18.617  1  5  0
 -61.776  -26.091  24  6  13
 24.457   88.266  21  2  25
 21.976   36.277  8  18  4
 19.153   65.997  15  24  10
 6.375   34.557  14  3  13
 75.608   54.906  21  17  17
 78.116  -0.656  14  3  15
 -74.534   97.392  23  10  12
 44.342   24.694  18  2  13
 9.033   45.193  4  23  3
 9.542  -5.55  8  4  10
 73.885   45.438  14  21  8
 9.8  -18.503  22  17  15
 -4.089  -44.554  19  20  12
 10.165   60.435  18  7  25
 -73.197  -55.27  15  4  7
 12.234  -65.243  7  5  6
 -60.122   8.774  25  24  20
 70.314   79.267  9  5  8
 -37.513  -68.06  3  4  3
 11.13   40.256  23  22  33
 -35.352  -9.668  23  6  29
 50.069  -9.189  11  11  14
 -13.802  -51.884  3  12  3
 -10.011   10.143  15  12  20
 -36.446  -42.095  17  17  22
 -28.028  -41.361  23  8  26
 -44.533  -38.519  19  19  13
 -50.427   6.016  18  13  18
 24.975   11.434  7  2  5
 -19.822  -47.766  17  13  20
 -65.834  -30.558  3  22  1
 -36.847  -3.136  1  8  0
 -4.967   15.331  6  19  4
 -53.144  -43.106  2  17  1
 24.456   40.208  5  10  7
 38.052   19.379  20  1  12
 -44.917  -59.865  12  12  12
 44.539   19.418  19  23  19
 -20.201  -61.105  22  5  19
 7.164   55.769  14  14  20
 7.463   6.864  23  21  29
 -57.495  -31.52  4  17  2
 57.089   12.055  6  9  5
 81.087   42.427  10  7  6
 -18.545  -45.279  3  4  3
 -4.522   20.341  13  22  9
 29.095   37.536  13  17  17
 48.089   26.276  5  10  4
 15.894   40.747  22  7  29
 -77.57  -74.365  14  20  19
 6.17   92.811  23  19  14
 9.085   33.64  11  9  12
 -57.711  -54.607  13  11  16
 -12.812  -58.239  7  22  5
 15.68  -39.372  4  6  5
 -86.497  -59.146  4  19  3
 -41.482   26.852  13  1  12
 -69.643  -77.745  4  10  2
 -64.985  -29.319  23  25  23
 36.623   85.544  9  6  11
 -65.43  -20.464  10  8  12
 -46.819  -25.644  12  21  17
 4.743   66.474  12  23  14
 -21.294   22.323  6  21  4
 0.005  -23.481  23  8  22
 -46.392  -20.554  13  5  13
 -57.734   65.516  5  23  4
 -98.131  -53.909  10  3  6
 -22.568  -33.608  21  15  26
 -10.677  -45.354  9  23  9
 12.562  -62.437  21  13  20
 -18.121  -62.739  11  3  11
 -33.822  -4.046  15  11  13
 17.584  -55.783  19  23  22
 25.62   77.291  1  16  0
 26.426   33.153  6  8  7
 -8.135  -30.315  22  24  12
 -26.772  -6.61  4  20  5
 -18.601  -26.47  6  5  4
 72.494   31.458  4  17  3
 -32.475  -29.367  18  21  27
 17.502  -42.146  4  11  5
 -95.629  -66.509  14  12  18
 9.297   23.724  1  25  1
 32.684  -24.664  19  21  23
 80.092   37.428  25  16  26
 38.862   38.102  1  22  1
 0.636  -23.326  8  5  10
 4.007  -5.873  8  3  11
 80.416   36.471  18  24  20
 46.065   48.856  16  3  16
 -32.594  -30.581  17  8  10
 -0.774  -12.415  10  6  5
 43.157   4.519  17  21  15
 -5.378  -34.641  10  25  12
 31.797   51.18  4  10  4
 25.302   55.235  16  12  13
 13.485   40.572  2  4  2
 34.174   42.47  1  7  0
 -12.132  -39.05  8  4  11
 -37.232  -10.877  23  22  34
 -19.414  -24.967  18  4  16
 20.628  -8.022  12  16  6
 25.175  -96.679  10  6  7
 52.255   34.308  21  3  28
 52.295   8.605  17  3  14
 -40.74  -45.323  19  22  10
 -42.804  -34.783  24  2  12
 24.853   34.627  13  14  9
 -58.294  -65.739  5  12  6
 39.909   31.248  4  23  4
 -45.693  -14.695  2  16  1
 -81.723   93.016  21  2  19
 -74.874   92.091  11  16  16
 -8.775  -34.577  22  22  29
 -65.896  -59.506  16  19  17
 1.871  -48.995  1  7  0
 29.595  -45.698  10  19  13
 23.34  -26.347  13  15  18
 62.141   59.761  11  19  15
 -36.477  -43.656  15  24  21
 68.111   0.858  23  24  32
 -29.016   0.201  2  8  3
 50.601   22.463  15  19  17
 27.566  -48.662  13  11  17
 -52.342  -31.714  13  14  10
 29.09  -5.286  3  24  4
 -30.161  -1.582  17  19  22
 42.228   13.405  8  12  5
 -7.379  -99.048  17  4  25
 17.762  -34.479  8  18  11
 -46.367   78.953  22  2  11
 -56.496  -59.408  14  16  17
 -70.779  -69.523  14  23  19
 14.316   4.157  20  21  13
 8.489  -0.773  18  23  18
 40.438   19.909  4  6  2
 11.82  -1.705  25  15  36
 -64.037  -29.682  14  10  8
 2.539   14.154  25  18  15
 15.474   19.5  5  7  3
 -27.923  -20.957  16  6  12
 -2.35   25.321  24  22  26
 -76.024  -39.987  23  8  22
 27.915  -36.649  9  3  12
 -0.162  -18.437  17  23  25
 16.8   2.723  15  24  11
 61.385   26.341  11  10  9
 -66.052  -53.11  19  4  15
 -45.667  -61.211  19  2  19
 25.808   43.792  24  22  17
 20.475   38.333  8  11  4
 1.575  -13.506  4  7  3
 78.4  -6.523  24  24  31
 -23.443  -32.045  19  7  27
 -19.117  -8.538  5  6  6
 -18.789  -4.097  9  1  7
 40.087   34.812  20  20  20
 -79.255  -66.616  1  9  1
 -6.286   38.297  13  4  16
 41.44  -54.239  9  7  12
 56.665   6.568  11  22  10
 13.948   28.083  12  11  6
 -59.182  -18.482  7  14  4
 2.567  -16.965  20  22  16
 -38.258  -58.724  12  23  16
 -23.97  -50.253  9  13  7
 49.025   14.875  16  4  17
 -53.725  -78.497  25  16  30
 72.374   26.356  18  21  13
 60.531   23.154  9  20  9
 39.35   33.698  10  8  11
 38.892   58.401  24  18  25
 81.51  -20.399  18  17  11
 -42.944  -63.658  8  19  4
 40.941   45.051  10  18  12
 24.834   44.292  23  6  27
 -2.002   41.482  24  15  17
 -12.752  -6.67  20  20  17
 -43.288  -39.14  3  22  3
 -55.127   38.801  25  13  21
 -46.473  -21.538  21  12  10
 -12.325  -51.659  21  19  15
 10.185  -21.613  8  5  9
 -27.702  -45.103  23  18  18
 53.266   15.935  3  2  2
 26.862   94.964  9  22  11
 25.557   27.682  5  12  6
 15.672   45.165  23  14  20
 -13.744   21.624  24  1  22
 -29.456   26.716  8  25  10
 -27.807  -39.706  23  13  24
 45.933   43.739  10  9  9
 58.459   29.356  24  8  36
 37.967  -59.461  2  15  1
 45.365  -32.516  20  17  18
 30.701   35.653  1  18  0
 -41.71  -44.879  20  16  21
 -1.621   41.271  14  13  11
 -21.683  -40.172  12  24  17
 3.147  -32.305  2  6  2
 27.585   31.178  9  18  12
 18.138   29.999  5  18  3
 58.861  -2.769  20  6  21
 52.217   56.409  24  16  23
