NAME bench337

MAXVEHICLES 6
MAXCAPACITY 345
MAXDURATION 720

DEPOT 23.142 11.736

CUSTOMERS 336

CUSTOMERDATA
 74.116   71.636  3  11  1
 -26.902  -6.824  4  7  3
 -80.364   14.724  22  14  23
 24.918   75.815  19  7  13
 43.53   54.191  19  16  21
 23.046   86.77  14  16  8
 -1.62  -14.184  16  18  21
 -12.852  -26.311  24  20  18
 -47.641  -36.762  15  18  9
 47.149   96.666  18  19  21
 -38.534  -20.204  19  15  13
 -4.924  -31.081  1  12  0
 -55.299  -18.199  11  8  8
 0.123  -19.338  17  5  25
 68.518   15.353  22  19  28
 64.626   64.153  4  19  3
 2.412   43.518  12  5  17
 7.076   96.73  10  19  10
 -38.11  -84.075  7  5  3
 -22.514  -47.536  25  17  23
 86.98   42.128  18  14  24
 -37.934  -56.334  17  12  17
 -28.094  -47.17  6  21  8
 44.873  -6.154  8  9  4
 -60.584   20.581  5  22  5
 71.413  -11.118  25  17  29
 -37.078  -23.308  22  7  16
 70.371   67.892  16  11  13
 2.224   42.759  12  4  13
 63.801   1.338  3  9  3
 19.184   52.434  23  12  29
 45.941   43.437  8  6  10
 -19.267   24.078  22  25  21
 71.238   72.603  20  22  21
 -51.658  -40.543  5  5  5
 10.749   62.779  20  16  26
 -86.686  -51.597  12  7  16
 45.243   14.526  1  14  0
 57.104   34.489  22  15  22
 31.647   60.603  6  21  8
 -18.111  -21.087  22  24  11
 -39.345  -3.132  13  16  15
 49.508  -6.548  25  20  32
 27.922  -11.594  7  9  8
 48.523   18.871  2  15  1
 53.732   34.388  16  9  22
 88.551   10.995  24  5  20
 10.743  -1.72  7  25  9
 70.986  -14.954  17  18  10
 48.942   76.05  19  22  15
 65.182  -28.78  24  9  27
 -35.076  -43.014  2  17  2
 32.871   88.257  20  7  28
 95.777   96.611  23  10  33
 51.527   67.847  7  18  6
 -83.158   35.811  22  12  31
 64.014   47.072  15  6  9
 -33.299  -47.412  20  15  21
 -3.359  -24.329  24  16  25
 26.012   36.694  7  25  7
 82.102   20.187  7  12  10
 11.236   4.215  8  12  7
 34.087   30.183  8  7  4
 39.664  -15.029  13  14  15
 -46.464  -49.826  24  8  24
 -30.751  -25.541  4  25  5
 43.85   24.759  7  7  6
 30.697  -23.814  9  13  12
 28.996  -0.626  18  19  25
 58.432   9.262  5  5  6
 35.603   34.342  2  10  1
 -37.506  -17.819  25  6  18
 8.404   42.515  17  20  17
 58.243  -28.287  4  20  3
 7.064   72.506  7  11  6
 13.362  -3.536  9  17  11
 34.23  -7.73  6  5  7
 14.154   6.733  3  1  3
 74.451   62.102  23  5  19
 -17.348  -23.038  9  17  12
 50.468  -35.103  15  10  8
 24.011   21.067  24  23  28
 67.076   18.401  6  9  5
 73.5  -28.858  9  8  4
 -17.344  -33.489  13  15  7
 -1.726  -29.615  16  22  15
 87.527  -33.195  23  1  25
 29.903   79.654  15  1  21
 98.731  -1.188  2  25  1
 -51.817  -9.018  1  10  1
 82.737   16.943  23  14  18
 31.872  -16.121  2  8  2
 -5.102   60.341  24  13  20
 40.803   42.073  1  18  1
 78.694   97.047  1  8  0
 26.229   55.982  7  3  3
 25.23   45.737  21  8  20
 -26.453  -51.75  15  5  21
 32.285   12.931  3  1  1
 24.062   71.244  15  16  22
 51.137  -51.066  10  15  11
 -60.207  -34.08  24  13  25
 79.718  -10.511  12  1  16
 -50.938  -42.892  24  10  17
 66.298   63.052  18  6  17
 -9.624  -79.001  5  3  2
 35.879   15.713  11  8  7
 -33.793  -24.991  7  13  4
 49.067   16.524  2  21  2
 35.737   48.047  3  1  2
 5.757  -10.324  15  23  9
 88.792   65.56  6  3  3
 52.64  -95.198  23  7  18
 64.877  -43.21  13  22  10
 42.986   50.747  20  3  23
 16.946   26.995  13  6  14
 20.428   27.281  6  17  9
 -46.8  -50.498  12  2  6
 32.454   45.158  3  6  3
 -46.364   12.902  7  13  7
 67.751   35.149  1  1  0
 6.861  -80.554  1  20  1
 41.896   50.098  25  9  30
 31.98  -16.133  14  5  19
 44.078   20.989  4  10  4
 -91.221  -73.061  2  1  1
 52.433   0.643  11  14  8
 18.553   6.847  21  11  27
 53.297   0.821  18  10  10
 -42.16  -39.235  23  16  15
 56.07  -11.35  20  5  24
 61.54  -12.405  11  7  9
 19.631   19.624  25  21  16
 -37.97   0.26  3  1  3
 35.279   20.598  9  10  11
 -91.303  -69.909  11  6  13
 74.622  -21.879  21  2  23
 -77.859   38.136  20  4  17
 54.505   26.777  8  23  8
 37.819   78.89  9  17  9
 28.213   54.032  6  8  7
 -39.719  -49.408  23  21  33
 42.009  -7.094  21  19  19
 11.68  -37.481  12  18  9
 -0.835   44.755  23  17  33
 76.886  -4.668  8  12  6
 6.595  -81.923  20  21  10
 -70.244   3.675  9  3  9
 27.849   51.452  1  2  0
 -25.31  -19.334  7  24  6
 21.606  -19.379  9  19  5
 13.433   47.486  9  2  5
 26.419   87.569  21  1  11
 31.397   59.898  19  1  11
 25.041   44.894  21  18  17
 -43.414  -84.066  8  19  7
 19.651  -85.678  23  23  33
 77.826   72.339  19  9  19
 46.793   0.98  12  2  10
 36.549   41.315  12  25  17
 74.116  -45.151  9  12  7
 19.248   59.821  10  13  8
 9.47  -15.92  25  12  24
 -25.917  -25.453  8  12  10
 40.443  -18.948  17  4  18
 52.505   4.352  11  13  16
 -60.549   26.49  8  14  4
 -6.575   5.367  13  7  18
 62.719   28.365  21  7  28
 36.781   25.784  4  19  4
 -49.656  -8.698  9  21  5
 61.848   21.323  10  15  10
 70.567   12.121  17  19  25
 8.868  -34.093  7  2  7
 42.946   38.96  3  12  3
 49.563  -30.459  14  1  20
 3.15  -67.004  8  23  10
 -27.945  -7.618  15  19  15
 -19.891  -47.352  22  25  22
 40.282   7.556  21  6  13
 10.939  -21.738  8  13  8
 9.033  -34.15  10  19  5
 45.878  -17.384  10  22  12
 -13.786  -15.025  20  11  23
 63.062  -14.825  3  24  3
 -20.085  -66.097  17  14  16
 34.233  -17.52  10  11  8
 54.974   33.142  20  10  22
 -4.928   37.472  13  14  13
 3.937  -84.76  13  23  7
 32.103   4.387  2  18  1
 -23.28  -26.193  4  18  2
 11.325   50.516  23  11  12
 -27.814  -46.179  24  14  31
 37.873  -5.88  12  11  12
 -47.891  -20.578  18  1  13
 56.606  -26.439  25  2  32
 44.66  -11.75  22  10  26
 -4.711   63.976  10  3  11
 -1.097  -48.237  21  4  19
 27.764   55.513  19  12  9
 -23.284  -16.403  7  2  9
 -4.744  -27.779  4  19  3
 33.897   2.659  23  7  31
 36.84  -29.991  20  9  24
 32.959   31.274  12  19  12
 54.384   8.004  22  25  17
 21.75  -59.387  6  6  6
 58.347  -14.261  23  6  30
 63.531  -11.362  2  23  1
 45.679   32.254  13  11  17
 94.78   66.392  24  1  15
 -53.345  -31.739  17  10  11
 45.927  -32.38  15  4  14
 43.681   0.178  1  14  0
 56.123  -3.636  24  14  26
 71.533   14.638  23  20  13
 -17.501  -48.846  18  2  12
 -8.153  -51.005  21  1  31
 34.28   22.298  14  1  19
 49.56   16.262  18  16  12
 55.651   29.336  7  9  5
 -33.857  -15.598  17  6  10
 17.997   29.754  1  4  1
 -37.52  -77.199  6  22  4
 56.523   9.937  2  2  2
 30.948   86.066  13  25  14
 54.161  -17.765  25  9  30
 53.887  -14.724  19  2  13
 22.296   87.088  17  3  16
 -14.511  -41.669  25  22  20
 68.227   27.391  5  21  6
 45.673   13.741  10  4  13
 30.267   20.01  19  4  19
 16.662  -15.718  16  21  17
 39.48   42.189  2  2  2
 -51.046  -21.276  17  14  15
 -33.047  -43.568  15  18  13
 -10.045  -11.684  20  25  18
 88.312   27.872  3  3  2
 47.494  -69.735  22  1  24
 9.688  -11.891  5  9  5
 -22.801   7.176  7  16  5
 66.96  -30.22  5  13  6
 -27.508   13.009  11  15  10
 58.027  -34.054  15  25  19
 -65.239  -28.197  23  5  34
 -11.277   64.784  3  24  1
 9.631  -35.443  13  7  8
 -36.76  -37.302  19  9  9
 -28.718  -31.72  12  17  6
 -3.09   27.745  21  19  28
 6.898   46.507  11  21  6
 -35.481  -90.197  9  7  5
 49.135  -49.463  19  25  19
 48.575   35.308  21  18  18
 49.568  -0.811  19  22  15
 42.205   15.885  17  17  23
 -45.041  -34.371  14  16  7
 15.167  -0.289  3  8  4
 66.262   11.371  12  3  7
 40.043   33.149  13  11  14
 65.588   22.812  10  10  12
 31.139   68.146  20  6  14
 19.552  -14.513  14  10  13
 -20.18  -29.503  4  25  3
 -74.314   39.039  24  7  12
 60.025  -33.581  6  1  3
 27.293  -6.834  17  2  17
 -5.712   48.928  16  24  11
 10.137   16.717  18  18  11
 -55.148  -12.41  11  7  13
 -34.001  -25.798  8  19  7
 15.206  -22.955  11  21  10
 32.538   68.727  8  11  5
 52.324  -1.721  8  8  6
 -21.992  -41.292  19  5  20
 44.631   33.447  4  6  3
 8.441  -2.099  10  19  6
 -46.123  -41.011  16  19  14
 27.158   76.005  25  11  31
 -77.586  -3.976  1  5  0
 -28.643  -52.908  7  6  3
 53.697   62.941  25  23  23
 -19.001  -15.845  2  21  1
 46.27   5.771  22  4  31
 -82.393  -44.697  15  9  11
 -72.757   14.099  7  12  4
 -62.88   27.215  8  22  8
 57.54   87.097  7  1  6
 52.267  -24.648  3  15  3
 44.799  -13.939  17  19  9
 40.829   6.645  10  5  5
 -24.62  -43.179  18  22  24
 23.696   44.644  2  2  2
 -6.293  -51.924  25  16  23
 -5.44   5.323  15  19  12
 67.832   38.353  9  21  4
 -68.827   24.576  15  25  9
 30.913   34.996  21  15  27
 -9.315  -28.532  3  4  2
 37.752   44.456  8  12  8
 -44.083  -14.896  16  19  13
 22.38   36.526  8  14  4
 51.944   37.722  4  9  5
 18.92   36.037  8  4  5
 31.547   67.07  7  14  10
 -53.168  -46.22  20  4  21
 31.793   10.935  14  17  7
 40.383   26.433  22  6  12
 -27.898  -27.744  24  13  35
 87.782   55.261  7  15  9
 -8.391  -49.068  9  13  7
 80.452  -38.655  12  6  7
 58.516   18.888  20  20  17
 -11.792  -72.782  24  14  14
 -21.608  -57.823  24  17  32
 -31.044   93.79  12  18  9
 31.638   34.542  5  5  4
 -5.099  -4.686  3  23  1
 46.199   54.213  7  22  5
 9.308   74.882  13  21  7
 42.26   26.94  21  13  17
 71.151  -19.988  7  10  5
 32.863   92.367  5  8  2
 1.751   49.91  4  15  5
 68.461  -1.78  2  24  1
 17.782  -7.129  9  7  5
 -49.242  -8.328  10  23  9
 66.151   18.117  21  25  29
 21.172  -27.343  23  9  28
 39.109   55.582  7  16  4
 -69.978  -7.139  16  6  19
 61.275   46.327  5  4  3
 79.547   45.881  4  18  3
 1.455  -56.873  1  21  0
