NAME bench529

MAXVEHICLES 8
MAXCAPACITY 75
MAXDURATION 100

DEPOT -11.7 -11.772

CUSTOMERS 528

CUSTOMERDATA
 26.717   32.011  22  10  13
 7.753  -37.912  6  10  4
 -6.091  -45.342  3  10  3
 33.291  -37.246  13  23  9
 -76.278  -12.528  3  13  3
 -23.72  -10.136  25  15  15
 27.013   36.31  19  13  25
 -47.967  -35.493  7  8  5
 -34.738  -58.195  24  5  14
 73.928   47.338  13  25  15
 -41.043  -27.594  7  25  4
 -0.122  -19.24  19  14  11
 19.874  -1.812  1  2  0
 -36.242  -56.407  19  10  28
 10.763  -18.114  4  20  5
 -67.699   37.655  12  25  10
 -31.141  -73.526  15  7  21
 -21.464  -41.914  16  1  17
 55.343   44.696  15  16  7
 47.741   6.621  5  11  4
 -42.635   32.29  7  24  9
 -39.538  -22.417  15  3  15
 -8.821   65.705  4  24  5
 -59.162   26.353  25  3  12
 83.501  -78.102  3  25  3
 -57.889  -55.23  13  10  15
 37.083  -58.219  19  5  14
 -41.753   18.72  6  4  4
 34.27  -19.57  7  20  8
 53.135   14.852  15  1  19
 -63.05   37.891  2  7  2
 -43.602  -68.331  15  20  20
 -44.328  -18.438  16  24  15
 14.463  -50.219  6  20  6
 17.082  -12.395  20  1  22
 9.797   72.5  20  13  26
 16.861   41.661  2  5  2
 -95.082   54.671  13  18  8
 -44.212   32.597  19  7  19
 70.856  -18.691  12  1  17
 -40.78  -17.544  21  24  11
 -40.773   17.789  10  24  12
 20.446  -55.15  2  21  2
 10.921  -4.79  20  5  25
 18.661  -34.533  23  2  20
 -32.848   21.147  22  17  31
 -80.939  -44.541  22  18  19
 -36.543  -8.841  14  25  19
 -47.003   33.691  18  16  10
 8.646  -15.544  19  13  15
 23.474  -80.379  3  6  3
 -31.069  -36.095  24  22  26
 -68.043   35.916  1  10  1
 15.171  -33.176  21  2  30
 5.385  -10.414  8  1  6
 29.573   9.316  4  2  5
 -51.079   39.618  7  24  4
 -0.307  -68.536  14  23  14
 49.784  -3.801  24  4  25
 35.212  -16.776  16  20  16
 -37.72  -17.482  15  7  21
 -29.693   11.961  15  7  13
 -60.791   66.893  8  7  4
 21.835  -25.288  3  8  3
 -64.291  -37.874  11  23  11
 -1.916   19.609  25  1  34
 -13.139  -53.511  17  11  15
 72.028   21.707  19  14  26
 49.488  -23.433  25  6  36
 19.08  -3.965  12  12  15
 8.263   15.874  21  5  19
 -28.869   77.446  16  19  11
 22.157  -27.155  2  12  2
 -29.6  -3.076  23  4  18
 -28.061   38.767  24  4  21
 -51.793   42.776  17  10  20
 32.835   2.255  14  18  17
 -42.081   43.992  23  15  25
 6.863  -54.389  6  10  5
 -55.552  -40.056  4  2  5
 42.584   15.262  22  6  12
 -22.399  -92.65  2  17  2
 -47.767   56.362  6  16  5
 -53.204  -43.761  3  18  1
 -51.312   41.048  12  2  6
 -65.56  -39.448  3  5  2
 -51.428   47.069  18  9  19
 33.866   32.746  13  3  18
 15.789   1.798  16  21  14
 16.005  -59.224  24  23  32
 -68.548   45.403  14  5  11
 16.951  -1.116  16  17  20
 33.407  -1.707  5  8  4
 -37.403   38.518  1  25  1
 -40.565   47.327  25  19  24
 -30.189   9.355  15  24  8
 -52.764  -17.03  10  11  9
 -60.484   23.767  12  16  17
 4.591  -8.151  16  13  8
 50.702  -25.118  10  1  14
 -11.756  -46.469  15  7  16
 6.483  -27.612  12  17  12
 25.896   44.091  12  25  16
 23.392  -38.635  18  22  12
 -0.437  -39.232  3  25  2
 -62.492  -29.207  22  21  11
 -46.813   50.71  8  12  5
 1.35  -26.11  22  19  14
 -36.396   18.022  20  6  28
 -71.717   34.493  10  17  9
 46.002   24.36  21  21  13
 -75.535   61.453  19  15  12
 -53.142   44.346  3  21  2
 38.256   9.261  7  24  5
 19.189  -39.225  11  5  12
 -86.757   22.181  10  7  10
 15.345   21.807  4  7  6
 -43.367  -51.269  3  15  1
 -38.745  -31.412  3  3  3
 -57.137  -29.382  24  5  24
 -32.083   52.12  6  12  5
 32.455  -53.647  17  12  21
 18.972  -68.089  14  21  16
 -59.854  -61.049  19  7  26
 -69.453   21.374  23  8  23
 -55.197   29.1  22  7  18
 33.813  -27.227  10  15  7
 -32.125   26.715  1  17  1
 41.942   91.51  23  14  13
 29.628  -3.46  10  20  6
 -46.684   57.363  16  12  19
 35.457  -13.368  1  11  0
 20.708   6.442  13  6  8
 -61.22   0.925  17  7  20
 -53.488   22.957  10  12  13
 29.523  -12.624  20  16  25
 31.286   11.086  6  22  6
 32.961  -36.3  5  9  4
 -23.85  -74.98  14  17  14
 85.093   55.238  23  18  25
 35.803  -47.115  6  5  7
 -42.013  -32.122  14  25  20
 -5.805   51.086  5  5  4
 5.297  -1.436  2  1  1
 -47.01   31.401  3  20  4
 34.789  -21.281  15  13  12
 -7.71   54.338  8  21  4
 8.632   1.96  19  16  19
 70.063  -14.294  10  13  8
 26.498   3.528  12  15  10
 51.999   25.702  25  15  16
 10.622  -29.726  24  19  15
 -19.496  -27.702  1  11  0
 -42.8   12.2  25  10  15
 13.961   8.428  8  22  6
 28.749  -85.784  4  9  3
 35.77  -3.493  25  7  36
 -11.77  -26.781  1  18  1
 24.246  -83.322  19  20  15
 -43.613   10.888  6  16  8
 -69.323   32.612  25  9  21
 60.861  -18.345  25  2  21
 -59.806   56.235  9  21  8
 -68.827  -6.564  7  17  9
 21.508  -12.338  21  21  22
 -40.04  -22.088  24  20  35
 21.921  -8.125  21  4  11
 -42.534   27.767  13  21  18
 23.384  -45.388  12  3  16
 -51.777  -30.617  1  5  1
 7.967  -44.973  1  20  0
 42.945   13.015  14  15  14
 25.172  -10.772  5  14  7
 16.362  -69.826  10  9  10
 17.049   3.075  13  8  16
 69.695   87.582  4  11  5
 -77.368  -31.79  13  16  17
 -2.002  -11.615  10  16  10
 77.744  -63.093  12  14  12
 -77.155  -25.792  23  8  14
 -38.861  -34.01  14  22  15
 43.824  -83.112  24  16  12
 46.84  -5.622  6  19  7
 33.093  -7.7  23  6  27
 -39.82   15.666  2  18  2
 -43.31  -42.925  1  10  0
 -43.883  -38.304  23  4  20
 -9.897  -9.211  6  18  6
 16.09   2.005  15  23  15
 -56.492   8.862  23  7  13
 43.281  -21.926  22  24  21
 18.245  -85.392  13  1  9
 39.71   30.142  5  9  2
 -32.766  -41.112  23  23  30
 6.336  -63.544  8  24  8
 -32.197  -46.111  22  21  16
 69.886   18.322  21  9  26
 -11.256  -17.924  24  1  28
 75.147  -53.015  25  12  28
 -34.152   31.87  19  9  17
 31.8  -37.044  6  9  3
 -54.286  -88.806  24  3  33
 -38.123   6.497  9  21  8
 5.756  -29.489  2  3  2
 19.743  -20.759  11  14  13
 39.016   53.776  10  11  10
 1.28  -52.592  16  3  12
 -59.039   38.327  7  10  7
 -52.255   26.261  16  3  21
 -17.533  -39.755  6  2  3
 -44.086  -66.686  2  16  2
 -58.229   17.164  21  25  13
 51.253  -95.762  10  15  6
 -39.343   41.534  13  24  12
 -67.256  -86.788  2  11  1
 22.8   23.555  22  20  23
 32.389  -39.857  24  1  13
 17.412  -21.973  25  23  18
 32.608  -15.456  13  15  19
 -41.455  -34.344  20  17  27
 22.352  -58.366  22  8  15
 9.866  -38.72  17  17  13
 -59.01  -94.772  20  18  12
 8.807  -92.912  9  12  13
 57.836  -29.67  3  10  2
 -43.809   30.719  24  25  32
 -85.602   24.081  21  11  24
 40.185  -37.889  13  2  15
 -12.724   88.309  25  8  17
 31.929   16.81  25  18  23
 -49.979  -12.615  22  14  18
 -62.889  -79.698  18  19  22
 -45.387  -68.765  11  3  14
 -8.027  -44.486  13  6  13
 18.278  -77.209  7  5  7
 22.06  -4.621  6  2  7
 41.424   40.79  23  20  21
 -51.814   24.383  8  11  7
 48.949  -4.904  18  22  16
 37.316  -76.268  16  17  15
 3.845  -59.752  2  11  2
 51.928   17.97  14  4  16
 21.154  -43.907  1  6  0
 71.468  -26.071  1  9  1
 31.681  -66.034  13  21  12
 -40.17  -44.23  18  14  23
 -36.127  -40.065  14  12  20
 24.241  -42.683  11  14  5
 40.409   0.106  5  5  3
 39.245  -20.769  4  19  2
 -43.83  -26.096  23  2  12
 -70.224  -61.814  9  20  12
 54.817  -30.696  8  14  4
 -31.384   12.294  19  12  11
 -30.132  -40.298  11  15  11
 -39.846   53.476  4  19  3
 20.601   12.377  1  3  0
 -51.332  -37.729  7  13  9
 -57.063  -8.882  17  10  9
 -1.481   6.892  12  4  17
 19.814   28.38  16  7  9
 32.121  -45.1  4  15  4
 7.979  -65.082  14  9  17
 -57.761  -18.283  23  1  16
 17.26   95.547  24  12  23
 39.06  -19.839  19  10  17
 3.674  -35.036  11  16  5
 -30.934   63.514  12  24  7
 74.404  -48.543  9  21  9
 7.738  -6.974  3  6  2
 -47.769  -54.848  14  23  8
 -34.898   26.321  11  19  13
 12.932   22.509  1  4  0
 4.106  -42.455  14  11  13
 28.504  -6.811  18  5  12
 -9.952  -75.841  15  2  11
 -20.517   55.264  13  20  14
 -64.141   0.572  4  9  3
 -2.483  -29.36  10  10  6
 -35.563   29.886  20  25  17
 -42.871   24.388  24  11  30
 -11.635   36.407  10  24  6
 20.738  -20.099  2  12  1
 44.308   23.537  1  22  0
 71.549  -25.476  6  6  4
 47.732   77.558  6  10  8
 -48.554  -12.114  19  24  14
 -0.01  -5.538  20  6  13
 25.469  -4.055  2  3  2
 31.463   16.191  12  13  11
 -29.351  -28.178  20  16  26
 39.082  -36.35  5  14  2
 -2.944   37.462  12  24  6
 29.582  -1.504  4  17  5
 38.493  -8.782  20  5  23
 -26.115  -26.905  12  3  11
 28.558   8.792  10  10  8
 15.543  -69.131  3  23  1
 -53.147   88.657  8  11  4
 -57.461   14.654  22  12  28
 -47.265  -89.929  16  19  14
 -27.121  -95.897  14  14  15
 25.109  -6.63  2  6  1
 24.792  -42.524  9  11  4
 -17.639  -78.367  21  14  29
 -77.395   16.166  20  14  13
 -80.004  -6.087  10  18  14
 29.731   47.583  25  25  26
 -4.243  -9.418  10  15  5
 34.105  -7.231  12  24  6
 -97.98  -73.493  1  16  1
 18.192  -16.682  24  9  33
 -57.497   20.243  24  18  19
 16.037  -50.326  24  5  15
 31.706   6.521  5  15  4
 -78.82   23.171  23  23  14
 16.45  -65.168  23  12  31
 3.412  -47.605  3  14  2
 65.935  -85.831  7  19  6
 -32.553   13.775  6  16  3
 -1.975  -44.104  6  3  4
 -43.235  -75.975  14  25  8
 21.724  -97.599  7  6  5
 -48.151  -82.563  18  4  13
 8.784   10.1  9  4  4
 6.651   10.673  9  21  11
 -31.984   19.508  1  14  0
 -56.894   38.726  22  11  14
 -33.084   71.53  21  21  20
 3.307   36.869  13  10  18
 -38.442  -36.633  4  17  4
 14.677  -39.434  17  8  11
 15.522   8.417  5  13  6
 -23.193   46.565  25  1  16
 -22.151   15.018  25  1  20
 -38.485  -7.825  8  6  5
 37.887  -40.99  22  23  28
 -9.938  -50.624  6  16  4
 62.363  -32.692  8  13  7
 40.902  -1.743  15  2  7
 -60.876   36.335  14  1  20
 74.308  -34.127  17  11  18
 -3.823  -34.237  18  1  11
 -33.421  -76.993  10  14  11
 -37.172   19.224  14  21  18
 -43.025   25.681  25  19  12
 63.598  -7.049  19  19  12
 36.024  -89.674  2  22  2
 -23.283  -11.579  9  18  9
 -34.487   39.712  14  4  9
 -32.545   18.221  8  9  11
 17.456   28.968  8  13  7
 -77.227   15.715  22  11  13
 -28.663  -33.091  23  20  12
 18.933  -1.956  22  15  26
 -33.588  -20.203  11  11  13
 -43.812  -35.896  6  18  6
 27.001  -55.979  12  20  9
 -64.307   11.251  18  15  13
 -37.8  -50.228  19  5  11
 -43.79  -28.283  18  7  18
 22.166  -54.58  24  13  29
 -69.355   20.489  11  12  12
 8.534  -48.276  5  3  5
 -39.584   13.016  12  20  11
 10.623  -24.779  1  7  1
 -78.227  -91.893  10  22  5
 -52.851  -53.73  12  22  12
 -67.206   70.392  21  23  12
 17.965   2.898  4  22  2
 26.766  -44.238  16  8  9
 -24.731  -56.19  7  18  8
 29.55   10.617  1  6  0
 -14.133  -34.167  24  2  16
 39.877  -16.27  11  25  10
 -68.991   32.73  1  6  0
 -40.706   39.339  15  6  16
 17.262  -81.329  1  23  0
 58.873   64.97  16  24  12
 -28.315  -31.892  22  16  20
 29.291  -64.272  1  6  1
 19.769  -18.944  5  12  2
 -31.282  -37.636  3  25  2
 6.502  -62.587  14  19  9
 -62.554   22.555  18  4  25
 31.479  -33.877  9  7  4
 97.347  -12.197  6  10  5
 32.311  -15.821  14  14  11
 -41.684   24.582  8  24  7
 34.294   52.834  5  22  5
 52.228  -30.281  22  17  32
 -24.519  -11.373  22  21  28
 -92.408  -57.128  14  2  18
 -53.501  -40.022  17  9  18
 -37.825  -28.298  7  10  9
 -34.125   24.488  14  21  18
 5.023   70.175  13  12  14
 -6.706  -6.191  25  24  18
 37.211   4.188  9  18  9
 30.724  -25.152  11  9  8
 5.433  -20.696  10  4  12
 74.61  -18.739  11  17  5
 -53.328   31.286  6  18  3
 4.792   5.372  3  11  2
 11.557  -44.348  16  6  12
 -48.497  -33.471  2  11  2
 -19.888   4.563  24  9  15
 -50.749   27.619  20  12  20
 -59.058  -58.031  24  14  24
 -1.365   37.053  1  7  0
 -93.884   47.132  13  18  18
 -16.271   38.16  3  18  3
 31.179   43.827  1  25  0
 -6.248  -45.931  2  4  1
 -2.771  -26.136  15  22  9
 -37.519  -39.057  16  22  17
 36.333  -6.501  19  21  13
 -59.473   36.138  13  1  17
 36.931  -21.894  10  6  9
 -93.837   61.141  25  5  33
 44.388  -39.454  2  20  2
 20.148  -71.2  14  2  8
 -48.929  -36.741  4  18  4
 11.243  -25.661  1  14  1
 35.476  -53.104  21  9  17
 19.389  -4.899  12  21  16
 33.895  -45.172  15  4  11
 -48.812   82.378  23  19  21
 -73.092   35.695  16  21  10
 -27.867   47.289  2  11  2
 89.556  -64.647  1  7  1
 30.381   8.271  23  25  28
 -75.471  -77.976  6  8  8
 21.678  -32.467  1  4  1
 22.866  -2.764  12  19  8
 9.058  -66.109  5  5  4
 13.793   42.527  5  7  5
 -46.336   5.2  6  7  5
 -38.734   61.979  10  5  6
 -19.846   31.78  24  16  30
 -67.509   38.124  18  21  18
 -66.753   16.911  8  5  7
 -5.37   2.23  3  18  3
 -50.205   55.862  20  4  17
 55.978  -3.671  18  12  20
 32.793  -37.853  19  13  16
 -1.407  -25.868  14  18  18
 -43.735  -18.673  8  5  4
 65.833  -80.059  24  21  33
 -42.703  -53.963  19  20  15
 23.041  -5.013  7  16  6
 -13.802   65.492  14  7  21
 -35.329   27.168  5  24  6
 8.073   67.63  21  14  27
 -65.171  -38.149  21  15  22
 -50.283  -37.981  14  8  17
 26.301  -90.524  21  15  22
 2.281  -45.407  22  9  28
 60.125  -48.287  8  9  10
 -38.981  -58.53  1  3  1
 -35.585  -34.759  7  8  8
 -55.766   18.869  16  22  16
 -51.901   11.357  20  14  12
 -50.508  -1.645  6  4  3
 62.565   73.314  9  4  8
 -45.362   42.247  21  3  25
 34.139  -31.361  23  18  25
 -96.69   19.364  8  17  6
 23.72  -95.125  8  4  11
 -63.722   26.75  16  19  9
 -2.026  -29.875  10  2  14
 66.143  -29.901  15  8  22
 -41.569   21.018  20  20  18
 -37.784   4.13  11  19  5
 -35.237  -48.68  6  11  4
 8.133   29.999  13  9  17
 -13.594   30.185  16  2  13
 -44.431   65.955  3  20  1
 24.262  -8.202  9  13  4
 -72.77  -4.033  10  3  7
 51.782   21.086  6  9  7
 36.754   82.43  24  6  26
 9.099  -73.541  4  21  3
 -71.417  -88.689  11  5  10
 -13.072   92.849  24  25  35
 -19.257  -79.857  5  3  6
 -63.653  -37.239  3  25  3
 11.232  -41.382  19  9  16
 -44.202  -39.081  6  19  8
 24.582  -16.983  21  25  29
 30.947  -51.248  13  11  18
 -35.179  -0.215  3  19  4
 29.46  -7.473  16  1  22
 33.929   65.235  19  9  28
 -19.025  -24.228  11  7  12
 26.536  -2.62  8  1  10
 96.954  -83.715  2  24  1
 39.348  -10.259  7  3  10
 8.46  -46.409  4  19  5
 16.024   10.273  8  13  5
 19.857  -30.153  9  10  13
 -34.118  -49.323  21  14  30
 -5.283  -12.165  10  17  5
 45.979  -20.872  6  6  7
 -47.15   20.551  8  3  11
 2.504   41.111  19  10  12
 -84.615   12.457  25  9  25
 -46.95   21.549  1  20  0
 13.219  -9.189  13  10  18
 -6.222  -21.438  23  4  13
 -6.752   2.227  13  5  7
 -41.062   3.384  1  10  0
 46.522  -65.172  16  22  12
 -85.114  -37.81  20  9  22
 3.61   60.478  19  19  18
 5.601  -8.439  24  23  32
 -13.386   6.798  23  24  34
 -20.812  -10.703  7  25  5
 -75.358   54.998  24  20  20
 27.287   6.326  4  4  3
 -77.148   63.623  25  8  25
 -24.226   23.374  21  15  14
 -43.61  -30.3  3  19  1
 -63.388   56.208  18  21  15
 -47.626   32.239  15  12  19
 85.686  -20.404  22  15  31
 -26.728  -38.451  6  6  7
 -26.037   36.147  21  11  17
